<?xml version="1.0"?>
<opencv_storage>
<calibration_Time>"Wed 18 Oct 2017 05:27:41 PM CST"</calibration_Time>
<nrOfFrames>45</nrOfFrames>
<image_Width>1920</image_Width>
<image_Height>1080</image_Height>
<board_Width>9</board_Width>
<board_Height>6</board_Height>
<square_Size>40.</square_Size>
<FixAspectRatio>1.</FixAspectRatio>
<!-- flags:  +fix_aspectRatio -->
<flagValue>2</flagValue>
<Camera_Matrix type_id="opencv-matrix">
  <rows>3</rows>
  <cols>3</cols>
  <dt>d</dt>
  <data>
    1.4527798748097566e+03 0. 9.6736399004071416e+02 0.
    1.4527798748097566e+03 6.5654012585107751e+02 0. 0. 1.</data></Camera_Matrix>
<Distortion_Coefficients type_id="opencv-matrix">
  <rows>5</rows>
  <cols>1</cols>
  <dt>d</dt>
  <data>
    -5.1158958319231718e-01 2.7389847994337069e-01
    -2.7685675337711903e-02 -5.9762665522116523e-03
    -8.2978685147663225e-02</data></Distortion_Coefficients>
<Avg_Reprojection_Error>1.6297124823591316e+00</Avg_Reprojection_Error>
<Per_View_Reprojection_Errors type_id="opencv-matrix">
  <rows>45</rows>
  <cols>1</cols>
  <dt>f</dt>
  <data>
    1.18323040e+00 1.06095791e+00 1.01166439e+00 9.40535307e-01
    8.94896030e-01 8.89568686e-01 8.84435952e-01 9.08013582e-01
    2.73105788e+00 9.87000644e-01 1.84066725e+00 2.42406249e+00
    1.09701097e+00 2.02669501e+00 1.14204311e+00 1.13201892e+00
    1.14876795e+00 1.15616393e+00 2.21362877e+00 2.33083820e+00
    2.64740658e+00 1.21334660e+00 1.12912989e+00 2.57433462e+00
    2.09761381e+00 1.10248721e+00 1.14394867e+00 2.13312912e+00
    2.80622816e+00 1.03115916e+00 1.02246881e+00 2.56900692e+00
    1.01092982e+00 9.71584380e-01 9.70897675e-01 2.54639244e+00
    2.21731138e+00 2.52234197e+00 9.40367937e-01 1.02833152e+00
    1.01611996e+00 1.04000854e+00 1.12741947e+00 1.20649755e+00
    1.18653870e+00</data></Per_View_Reprojection_Errors>
<!-- a set of 6-tuples (rotation vector + translation vector) for each view -->
<Extrinsic_Parameters type_id="opencv-matrix">
  <rows>45</rows>
  <cols>6</cols>
  <dt>d</dt>
  <data>
    2.6891548201036586e-01 -6.7508759873204108e-02
    5.5724788885233592e-02 -2.3043352177260593e+02
    -1.4412272102118908e+02 4.4280908324742455e+02
    2.7456927003056530e-01 -6.9885012623761941e-02
    5.3247420151493384e-02 -2.4172656531221318e+02
    -1.4601748958822893e+02 4.3751367852184615e+02
    2.8020632733029194e-01 -7.1507333399531275e-02
    5.4264654457598364e-02 -2.5059191062287181e+02
    -1.4867190996430830e+02 4.3318211731723000e+02
    2.8695890922330630e-01 -7.4770242139123033e-02
    5.9555217543017146e-02 -2.5733623839341544e+02
    -1.5325160655867842e+02 4.3028829760584711e+02
    2.9367263919433129e-01 -7.9970375492781950e-02
    6.1687299915975047e-02 -2.6592215154341011e+02
    -1.5762490384770740e+02 4.2658703299551854e+02
    3.0002374201557330e-01 -8.3675807582594158e-02
    6.1722810078267423e-02 -2.7489138894535085e+02
    -1.6062001413520423e+02 4.2263355465092559e+02
    3.0571409738024180e-01 -8.4380447378444981e-02
    6.5199644783660790e-02 -2.8164632838340498e+02
    -1.6501789306928185e+02 4.1949096063444807e+02
    3.0811863494785890e-01 -8.3506122488306661e-02
    6.4070018770177872e-02 -2.8964157587846864e+02
    -1.6795769670890982e+02 4.1593262078687633e+02
    3.1427800057133087e-01 -7.0045792505597657e-02
    6.3838979397664405e-02 -2.9329863650498106e+02
    -1.6892174024662265e+02 4.1607036452757171e+02
    3.1253546491326867e-01 -8.1148485396679154e-02
    6.2618765001235671e-02 -2.9663152447928860e+02
    -1.7087068027216176e+02 4.1250755836389521e+02
    3.1728515518581046e-01 -7.3592100433087934e-02
    6.0143953570103569e-02 -3.0131727232351170e+02
    -1.7392009836076019e+02 4.1102121077661349e+02
    3.1872146499271875e-01 -7.2255826126390921e-02
    5.9813627917866416e-02 -3.0592444948348742e+02
    -1.7669862564394037e+02 4.0913944584664608e+02
    3.2139344638634931e-01 -7.4600869241319673e-02
    5.7296263521261076e-02 -3.0842245608621789e+02
    -1.7828285144566354e+02 4.0702695790894461e+02
    3.2330676744280296e-01 -6.6893868126523578e-02
    5.6350755764432221e-02 -3.1007645548920840e+02
    -1.7970883562747662e+02 4.0523757343770819e+02
    3.2527593987061720e-01 -6.6200613318849258e-02
    5.9169049630712033e-02 -3.1028264306371068e+02
    -1.8326927693640800e+02 4.0192958300813046e+02
    3.2591089386261818e-01 -6.3747030454089401e-02
    6.0104280563635988e-02 -3.1040410035294934e+02
    -1.8445004278018533e+02 4.0093766968780614e+02
    3.2869380990770164e-01 -6.0485904416831500e-02
    5.9806232913620944e-02 -3.0988029693194096e+02
    -1.8653507603821714e+02 3.9894761300663345e+02
    3.2548489326620084e-01 -6.0460641640671720e-02
    6.3493277663627112e-02 -3.1061668009279686e+02
    -1.8817615497474389e+02 3.9703585267171053e+02
    3.3096125070055132e-01 -5.6115469668385876e-02
    6.4927288148432863e-02 -3.1218238835129733e+02
    -1.9004517779027009e+02 3.9494804939590699e+02
    3.3002919541565645e-01 -5.6833410840645457e-02
    6.6593871968240931e-02 -3.1211306836860268e+02
    -1.9144810180379889e+02 3.9251927777090555e+02
    3.3493485422418778e-01 -5.2995523572943501e-02
    6.7690910484650202e-02 -3.1073528291431620e+02
    -1.9276640806574170e+02 3.9147856593678711e+02
    3.3331059177238082e-01 -5.1931853167123398e-02
    6.8532503409599974e-02 -3.0507038123053201e+02
    -1.9204669074800390e+02 3.8966813040050278e+02
    3.3330253472706750e-01 -4.8071597488114751e-02
    6.9907902083686579e-02 -3.0104881370560605e+02
    -1.9305244458411298e+02 3.8848241840195124e+02
    3.3565742043566915e-01 -3.9133971882533251e-02
    7.0518205673012299e-02 -2.9971953888576519e+02
    -1.9361109547915026e+02 3.8856206662219182e+02
    3.3374265927123903e-01 -4.2342162535061463e-02
    7.0253428019609737e-02 -2.9841123282141137e+02
    -1.9346457295109235e+02 3.8735314724014580e+02
    3.3360723018405147e-01 -4.0808919972013948e-02
    7.2897509437179875e-02 -2.9669090692123689e+02
    -1.9404560987278836e+02 3.8544744726400313e+02
    3.3295455091413767e-01 -3.8512362189539455e-02
    7.3792488140445978e-02 -2.9533420461054027e+02
    -1.9359023731698122e+02 3.8525411106869888e+02
    3.3362896425472027e-01 -3.1879807373865740e-02
    7.6072260046521248e-02 -2.9263759102712493e+02
    -1.9324476564071853e+02 3.8640308205082317e+02
    3.3343646744491734e-01 -2.7478868964668016e-02
    7.7676523457885560e-02 -2.9097359874525938e+02
    -1.9334751039283441e+02 3.8698373550184232e+02
    3.2907506744997711e-01 -3.0695210239458134e-02
    8.0230062054967785e-02 -2.8748807753292243e+02
    -1.9282849269966755e+02 3.8722227738992274e+02
    3.2552304745951866e-01 -2.9319750271358577e-02
    7.8072125068660972e-02 -2.8569677816815812e+02
    -1.9108653872024814e+02 3.8845896948487768e+02
    3.2543170438073243e-01 -2.2776369314315044e-02
    7.9559320875133607e-02 -2.8486381964664815e+02
    -1.9100873426363364e+02 3.8983744087852460e+02
    3.2159226997810014e-01 -2.8359944404140504e-02
    7.6893694589257058e-02 -2.8178190680058003e+02
    -1.8920563925956444e+02 3.9059595389064498e+02
    3.2014904731551019e-01 -2.8071663789107637e-02
    7.5213097742747856e-02 -2.7866360226845342e+02
    -1.8878504343900968e+02 3.9221882050504354e+02
    3.1932885920623599e-01 -2.7090688495359297e-02
    7.3828008916706822e-02 -2.7708092202673606e+02
    -1.8806027193357522e+02 3.9286078652075571e+02
    3.1924268362924707e-01 -2.0948534450245540e-02
    7.5214422650140014e-02 -2.7047362518486739e+02
    -1.8750535535680746e+02 3.9645993746540847e+02
    3.0924054886160518e-01 -1.8271764664108930e-02
    6.9007350790791261e-02 -2.6373064594602897e+02
    -1.8587051456677580e+02 4.0174859302087935e+02
    3.1523177759417076e-01 -1.5698777732418383e-02
    6.8506274137921166e-02 -2.5911932158711159e+02
    -1.8420007474136571e+02 4.0391615635795091e+02
    3.1317037560127570e-01 -1.6648232185344374e-02
    6.8935084975521019e-02 -2.5411527195008333e+02
    -1.8358220889167163e+02 4.0585003044144787e+02
