<?xml version="1.0"?>
<opencv_storage>
<calibration_Time>"Thu 23 Nov 2017 02:24:06 PM CST"</calibration_Time>
<nrOfFrames>20</nrOfFrames>
<image_Width>1280</image_Width>
<image_Height>720</image_Height>
<board_Width>9</board_Width>
<board_Height>6</board_Height>
<square_Size>40.</square_Size>
<FixAspectRatio>1.</FixAspectRatio>
<!-- flags:  +fix_aspectRatio -->
<flagValue>2</flagValue>
<Camera_Matrix type_id="opencv-matrix">
  <rows>3</rows>
  <cols>3</cols>
  <dt>d</dt>
  <data>
    5.8880103161506770e+02 0. 6.3754620650014715e+02 0.
    5.8880103161506770e+02 3.5371261347856637e+02 0. 0. 1.</data></Camera_Matrix>
<Distortion_Coefficients type_id="opencv-matrix">
  <rows>5</rows>
  <cols>1</cols>
  <dt>d</dt>
  <data>
    -2.4159329811707844e-01 6.8580292874310070e-02
    -2.1414336209124907e-04 4.6851880385075296e-04
    -9.2344466336591238e-03</data></Distortion_Coefficients>
<Avg_Reprojection_Error>5.8754392604415207e-01</Avg_Reprojection_Error>
<Per_View_Reprojection_Errors type_id="opencv-matrix">
  <rows>20</rows>
  <cols>1</cols>
  <dt>f</dt>
  <data>
    6.02549374e-01 5.75509548e-01 7.46645868e-01 5.86938381e-01
    6.36544049e-01 6.80067360e-01 7.99057603e-01 5.58041155e-01
    4.42317486e-01 7.03466594e-01 6.80673718e-01 4.77372587e-01
    5.18532574e-01 5.77172518e-01 5.58534205e-01 5.59830189e-01
    5.60565412e-01 4.27271783e-01 4.51542169e-01 4.24911529e-01</data></Per_View_Reprojection_Errors>
<!-- a set of 6-tuples (rotation vector + translation vector) for each view -->
<Extrinsic_Parameters type_id="opencv-matrix">
  <rows>20</rows>
  <cols>6</cols>
  <dt>d</dt>
  <data>
    1.5257508972989056e-01 -5.3505798087125717e-02
    5.0522467190435901e-03 -2.2215699990623966e+02
    -1.2908154905302197e+02 3.4341623526273690e+02
    2.0165670779395639e-01 -1.6746382801982149e-01
    5.6254130674433314e-02 -2.7229854829552164e+02
    -1.5040654437124391e+02 1.9019628962027573e+02
    1.4244114867079943e-01 -1.9862415396080485e-01
    6.0240934964253152e-02 -2.8385310273025038e+02
    -1.2073688096543982e+02 1.8308932888949380e+02
    5.4104486352082079e-02 -2.2655853555361516e-01
    3.4123653348228491e-02 -3.0056604026118043e+02
    -6.6915474952671346e+01 2.0170315286880785e+02
    1.8692234347256084e-02 -2.4605502241655772e-01
    7.1355370497069460e-03 -3.0971652309606259e+02
    -4.5050086811429381e+01 2.0184490051041911e+02
    9.2616176592199354e-03 -2.4123783441225877e-01
    1.5228983059060843e-03 -3.0877734275353947e+02
    -3.8041827163326261e+01 2.0643156842218301e+02
    2.1500552139076527e-02 -2.0778312416020944e-01
    3.2166451715135392e-03 -2.9809259571485643e+02
    -3.9111131596125283e+01 2.3355174459387965e+02
    2.7846865479057344e-02 -1.2556493414616093e-01
    1.1159150423812126e-02 -2.5418470311614018e+02
    -4.2517721301596310e+01 2.6112366162034755e+02
    3.8774127318779309e-03 -9.5147594053847512e-02
    2.2145707369427507e-02 -2.1502218788907754e+02
    -2.9734486211436899e+01 2.7314885224499778e+02
    1.2771570823203657e-02 1.2758872179916246e-03 2.1036554245596091e-02
    -1.3642786069875905e+02 -2.9704785068424897e+01
    2.9088341852477140e+02 3.2683265086300775e-02 7.8242923038705628e-02
    3.7042733118875473e-02 -7.5985919391172644e+01
    -3.9603637167926067e+01 2.9542203087547585e+02
    4.9976907116876856e-02 1.6779929365065030e-01 8.3402198076755196e-03
    -5.4266495667640491e+01 -4.7038838784241868e+01
    2.8511396614747264e+02 5.5649557339022146e-02 2.1040077813189562e-01
    1.0257109593358984e-02 -4.1014286600118837e+01
    -5.2118926651023827e+01 2.7565735834310169e+02
    9.7578779108258795e-02 2.2561224890354020e-01 1.4835205047300012e-03
    -3.7119155248571616e+01 -7.0974105451554408e+01
    2.6523131733349339e+02 1.5018739977575324e-01 2.1497997239830466e-01
    -8.2066908653427861e-03 -4.4242252668188321e+01
    -1.0388526805789654e+02 2.5695528556150964e+02
    2.0112938822299958e-01 2.0675391953051886e-01
    -1.0926644386677805e-02 -4.9487821347851622e+01
    -1.2628674032480916e+02 2.5319701890126987e+02
    2.3831903686062503e-01 1.7405708272947848e-01 1.0699273449001637e-02
    -6.6276000905402483e+01 -1.4569002912589681e+02
    2.6676525340032765e+02 2.5513042493496485e-01 1.1046003145710759e-01
    2.0639214586570871e-02 -1.1005664340810537e+02
    -1.5985696518627032e+02 2.8169899802645620e+02
    2.6873518567134963e-01 2.2817440726844076e-02 3.8341545511910352e-02
    -1.6240516746121986e+02 -1.6964712148580290e+02
    2.9506397566383470e+02 2.9424582633805912e-01
    -6.5427656779688731e-02 6.1544167550718537e-02
    -2.1176008496718941e+02 -1.8092615151428510e+02
    3.1847094486448879e+02</data></Extrinsic_Parameters>
