<?xml version="1.0"?>
<opencv_storage>
<calibration_Time>"Wed 11 Oct 2017 04:27:12 PM CST"</calibration_Time>
<nrOfFrames>45</nrOfFrames>
<image_Width>640</image_Width>
<image_Height>480</image_Height>
<board_Width>9</board_Width>
<board_Height>6</board_Height>
<square_Size>40.</square_Size>
<flagValue>0</flagValue>
<Camera_Matrix type_id="opencv-matrix">
  <rows>3</rows>
  <cols>3</cols>
  <dt>d</dt>
  <data>
    216.4129 0. 319.9553 0.
    216.4129 209.2769 0. 0. 1.</data></Camera_Matrix>
<Distortion_Coefficients type_id="opencv-matrix">
  <rows>5</rows>
  <cols>1</cols>
  <dt>d</dt>
  <data>
    0 0
    0 0
    0</data></Distortion_Coefficients>
<Avg_Reprojection_Error>3.2579152701731129e-01</Avg_Reprojection_Error>
<Per_View_Reprojection_Errors type_id="opencv-matrix">
  <rows>45</rows>
  <cols>1</cols>
  <dt>f</dt>
  <data>
    3.12571615e-01 3.18302751e-01 3.66007090e-01 2.97129482e-01
    2.55851835e-01 3.40176404e-01 3.89673203e-01 3.29040587e-01
    3.07513922e-01 3.09215158e-01 3.43136996e-01 3.33829999e-01
    3.06427449e-01 3.35825652e-01 4.21832502e-01 3.67376983e-01
    3.72454762e-01 3.74518186e-01 3.30006480e-01 3.16122621e-01
    3.85262221e-01 3.49464685e-01 2.63808787e-01 4.70096409e-01
    3.02045226e-01 3.74838620e-01 3.65950674e-01 3.22599024e-01
    4.47188407e-01 3.99793953e-01 3.28065336e-01 2.78506994e-01
    3.03387314e-01 2.83170462e-01 2.65729100e-01 2.65846878e-01
    2.82456607e-01 2.44291455e-01 2.50156701e-01 2.65527904e-01
    2.49571860e-01 2.54037380e-01 2.52118051e-01 2.59104431e-01
    2.59856582e-01</data></Per_View_Reprojection_Errors>
<!-- a set of 6-tuples (rotation vector + translation vector) for each view -->
<Extrinsic_Parameters type_id="opencv-matrix">
  <rows>45</rows>
  <cols>6</cols>
  <dt>d</dt>
  <data>
    2.7427252709756167e-01 -6.6165398042914894e-02
    2.4302913252390153e-02 -3.2226244867838977e+02
    -1.3251923802033727e+02 4.3183689028393201e+02
    2.9252903795848501e-01 -4.0678181025387485e-02
    1.7812452061061763e-02 -2.9449875545750223e+02
    -1.4454319630164417e+02 4.3674126703486922e+02
    2.9004773057842953e-01 -4.0411411795584235e-03
    8.1564342343951168e-03 -2.6185207259014567e+02
    -1.5010083176504054e+02 4.4550933561750173e+02
    2.3855426509620029e-01 6.1988770709747211e-03
    -1.6196138647728727e-03 -2.3463301794032952e+02
    -1.4837286206158132e+02 4.5391990377871286e+02
    2.3095499393366056e-01 2.2583158371795593e-02
    -1.2341123975402305e-02 -2.2231839764074471e+02
    -1.5750663213896814e+02 4.4926136671936382e+02
    2.2629781799572726e-01 6.1843259574476360e-02
    -9.8596195451706708e-03 -1.7879429477300923e+02
    -1.5985569173056686e+02 4.5639253943621907e+02
    2.1549955149923880e-01 1.0549014847948754e-01
    -2.5544880778750547e-03 -1.2984747007751204e+02
    -1.5628001273610488e+02 4.5923778827132782e+02
    2.1427634640896012e-01 1.3795470947639776e-01
    -2.6245160963678123e-02 -7.6669782513813431e+01
    -1.5633810058460318e+02 4.6014147686074199e+02
    2.1986031966031594e-01 1.6401483896191499e-01
    -5.5212210905915819e-02 -4.5304272864793063e+01
    -1.5858724785154058e+02 4.5509892034737328e+02
    1.9745850801741546e-01 1.7978125030620004e-01
    -2.9851970670022765e-02 -2.6645931969537433e+01
    -1.5172747829320252e+02 4.5374809970405789e+02
    1.7774214075912789e-01 1.8410902089173917e-01
    -2.6039422759102811e-02 -2.4256824782259418e+01
    -1.3739627510874155e+02 4.4864435314011126e+02
    1.4451687195006563e-01 1.8802481537488241e-01
    -3.6067378528889540e-02 -2.1479702187846140e+01
    -1.1058181718957938e+02 4.5165089701416241e+02
    1.2131423442358980e-01 2.0106434445631241e-01
    -6.4764500915872464e-02 -6.7655278800396310e+00
    -9.0795081299925712e+01 4.5037594508208582e+02
    1.2203099973842481e-01 2.0156723062409049e-01
    -5.4441409223820222e-02 -1.1980123928646277e+01
    -9.1536588150904635e+01 4.4672673193686410e+02
    1.1923627661641775e-01 1.7206183502262465e-01
    -4.3199806175448906e-02 -4.2280795561534823e+01
    -8.9080561506503869e+01 4.4498019978596682e+02
    1.2598707037989362e-01 1.4219191440454160e-01
    -2.9726847509055739e-02 -7.3275428600093974e+01
    -9.4837678316645466e+01 4.4109721756336387e+02
    1.2454220777974133e-01 1.1269066765767552e-01
    -2.9752466513664491e-02 -1.0528027745971208e+02
    -9.2027305567667057e+01 4.3948460029451383e+02
    1.3794122596649194e-01 8.6100545097166678e-02
    -4.7686817297857044e-02 -1.3737513612873158e+02
    -9.5641409021486794e+01 4.3126290536456048e+02
    1.3164651036852612e-01 6.7127272560801088e-02 1.7140042926210126e-03
    -1.5449196005227355e+02 -9.7390168657840945e+01
    4.2346579632103004e+02 9.9451113601291455e-02 5.0607089306949099e-02
    -3.3331813335207767e-03 -1.7615085951744200e+02
    -7.2998286186611395e+01 4.2881599794643716e+02
    8.9071563954541827e-02 3.1084035691916669e-02 1.1386540982553466e-03
    -2.0773660065878443e+02 -7.0166246090737360e+01
    4.5065198137138958e+02 8.4786480900491137e-02
    -2.8590369099850623e-03 1.6942365303288937e-03
    -2.5166736499891610e+02 -6.5415124541647728e+01
    4.4050217044399460e+02 7.6034759197147236e-02
    -2.5500277540874763e-02 2.0539743991617811e-02
    -2.7887826125392479e+02 -6.2258138703971433e+01
    4.3803952328825073e+02 6.8862727276574512e-02
    -5.3791353250025105e-02 2.1380192126265449e-02
    -3.1793713010524436e+02 -5.9695559028070249e+01
    4.2519961185511232e+02 8.4229566617517002e-02
    -6.2467267050700687e-02 3.3409982302164770e-02
    -3.3694169902827292e+02 -7.7756244601863727e+01
    4.1608474302594038e+02 7.5626227601902282e-02
    -7.9792917190578738e-02 3.1778814338589041e-02
    -3.5450733813437705e+02 -6.8382131635647596e+01
    4.0566871192276886e+02 2.5432555393847530e-02
    -7.3420526272389749e-02 3.6482368240208264e-02
    -3.4674172217076705e+02 -3.4392982642196230e+01
    4.0924160368623831e+02 -2.3645467203479765e-03
    -7.9224364142567144e-02 5.0303797692791987e-04
    -3.5058274244040297e+02 -3.4749832765409416e+00
    4.0884115427841601e+02 -2.9004099192293138e-03
    -5.8868489815847906e-02 -1.2956245646263641e-02
    -3.2596186916641727e+02 -2.4468445996196839e-01
    4.1833667791677107e+02 7.0206599004601980e-03
    -2.5283559048841352e-02 3.4427356899678491e-03
    -2.9768110203296914e+02 -1.1858622366983088e+01
    4.2643326763197854e+02 -5.5733152105266489e-05
    1.6289268679046651e-02 2.0704465613151556e-02
    -2.5857237584750186e+02 -1.0862141671664698e+01
    4.3727386728158251e+02 -9.4177637742190522e-04
    5.2524106152993945e-02 1.3459486363533741e-02
    -2.2388709273092709e+02 -8.3945627525986186e+00
    4.4665899532618806e+02 -2.9186724081534431e-03
    8.0915325396445054e-02 -3.1036659591134070e-03
    -1.9191226883398187e+02 -3.3121694255155170e+00
    4.5185104450907545e+02 -6.0210887866936616e-03
    8.6280742045435552e-02 -5.4029988834052153e-03
    -1.8454118679201727e+02 -1.6820128271392245e+00
    4.5312519454842896e+02 -6.1789644170042726e-03
    9.2106784649230181e-02 -6.7464041401104338e-03
    -1.7809957397578953e+02 -6.9547244227594684e-01
    4.5401417665072995e+02 -7.3276889708227049e-03
    9.5849156998174270e-02 -6.1592377137310783e-03
    -1.7408374610324086e+02 -1.1492684078861000e+00
    4.5442592938401930e+02 -9.0264431330850919e-03
    1.0090428086887131e-01 -1.0665202341009320e-02
    -1.6812799176399224e+02 1.0673403637182091e+00
    4.5519049288227023e+02 -9.8907283301529429e-03
    1.0439482128867769e-01 -1.4113554418537554e-02
    -1.6287301745756747e+02 1.7694274874304208e+00
    4.5605628715434915e+02 -1.1818731865829801e-02
    1.0857454860588152e-01 -1.9851252197341403e-02
    -1.5873834528121549e+02 3.9053278648385135e+00
    4.5689895421946267e+02 -1.3147565547390782e-02
    1.1310645746045883e-01 -2.0484042410522561e-02
    -1.5379370629189256e+02 5.9216208008786069e+00
    4.5773185211774972e+02 -1.3388731861817035e-02
    1.1740754502787677e-01 -2.2594132445091564e-02
