<?xml version="1.0"?>
<opencv_storage>
<calibration_Time>"Fri 17 Nov 2017 10:52:25 AM CST"</calibration_Time>
<nrOfFrames>7</nrOfFrames>
<image_Width>320</image_Width>
<image_Height>240</image_Height>
<board_Width>7</board_Width>
<board_Height>4</board_Height>
<square_Size>40.</square_Size>
<FixAspectRatio>1.</FixAspectRatio>
<!-- flags:  +fix_aspectRatio -->
<flagValue>2</flagValue>
<Camera_Matrix type_id="opencv-matrix">
  <rows>3</rows>
  <cols>3</cols>
  <dt>d</dt>
  <data>
    1.9726124124504489e+02 0. 1.6919868964971474e+02 0.
    1.9726124124504489e+02 1.2402377042472177e+02 0. 0. 1.</data></Camera_Matrix>
<Distortion_Coefficients type_id="opencv-matrix">
  <rows>5</rows>
  <cols>1</cols>
  <dt>d</dt>
  <data>
    -3.5128909808845493e-01 1.5846160746895263e-01
    1.2846044119436777e-03 1.7895799574206699e-04
    -3.7292773162231646e-02</data></Distortion_Coefficients>
<Avg_Reprojection_Error>5.5847544854527376e-01</Avg_Reprojection_Error>
<Per_View_Reprojection_Errors type_id="opencv-matrix">
  <rows>7</rows>
  <cols>1</cols>
  <dt>f</dt>
  <data>
    1.24598764e-01 8.98862928e-02 1.08529441e-01 1.07955121e-01
    1.18866600e-01 1.51444241e-01 1.44884849e+00</data></Per_View_Reprojection_Errors>
<!-- a set of 6-tuples (rotation vector + translation vector) for each view -->
<Extrinsic_Parameters type_id="opencv-matrix">
  <rows>7</rows>
  <cols>6</cols>
  <dt>d</dt>
  <data>
    1.7517229969186272e-02 2.6608622501067242e-01 1.5723521357405162e-02
    -1.1695753406535833e+02 -3.9679682355714057e+01
    2.3874990226134301e+02 2.7147581845388341e-03
    -3.4891342904850536e-01 -2.1274516412576872e-02
    -1.7411058084545584e+02 -3.9378743393085593e+01
    2.0193388305469634e+02 -4.9824966380939384e-01
    -6.8208521911532788e-02 1.0510380663160092e-01
    -1.0565583677013129e+02 -5.2066156994423906e+01
    2.4127351288538210e+02 -3.9143603661075160e-01
    -2.7182163121379044e-01 1.1451654730392050e-01
    -1.5217092593871706e+02 -5.9673409828824667e+01
    1.8764997400004555e+02 -4.4852043466209807e-01
    -1.8086420219422816e-01 -3.6477248027525354e-02
    -1.7866262443346949e+02 2.2724051392232369e+01
    3.1009892367530506e+02 -9.7681012890125411e-05
    1.5347631070103374e-01 5.7760255039052705e-03
    -1.5727086907783590e+02 -5.7824211295507190e+01
    1.8153611674115882e+02 -1.8676469677456780e-03
    7.5226881579268479e-01 7.9512641956973620e-02
    -6.2726190138923293e+01 -6.0844536674533039e+01
    3.3345082498861848e+02</data></Extrinsic_Parameters>
<Image_points type_id="opencv-matrix">
  <rows>7</rows>
  <cols>28</cols>
  <dt>"2f"</dt>
  <data>
    8.07168427e+01 9.40211945e+01 1.04829834e+02 9.20088501e+01
    1.33891617e+02 9.02646255e+01 1.68116272e+02 8.85726318e+01
    2.05833740e+02 8.80965195e+01 2.44523499e+02 8.84448624e+01
    2.80941559e+02 8.98509445e+01 7.98883362e+01 1.24431923e+02
    1.03936386e+02 1.24879044e+02 1.33213470e+02 1.25541138e+02
    1.67510635e+02 1.26389526e+02 2.05531357e+02 1.27217346e+02
    2.44568726e+02 1.27962624e+02 2.81259857e+02 1.28609390e+02
    8.05631104e+01 1.54424942e+02 1.04421577e+02 1.57543732e+02
    1.33259247e+02 1.60667648e+02 1.66957611e+02 1.63545303e+02
    2.04352249e+02 1.65781769e+02 2.42566269e+02 1.66972809e+02
    2.78657349e+02 1.67030167e+02 8.25075073e+01 1.82960709e+02
    1.05913437e+02 1.88225021e+02 1.33974213e+02 1.93319595e+02
    1.66582077e+02 1.97804047e+02 2.02347672e+02 2.01129883e+02
    2.38893875e+02 2.02571854e+02 2.73694641e+02 2.02094543e+02
    3.24844208e+01 9.32325363e+01 6.01812325e+01 9.18596420e+01
    9.01144409e+01 9.12467270e+01 1.20920731e+02 9.10941010e+01
    1.51117645e+02 9.14902878e+01 1.79203934e+02 9.24941788e+01
    2.04275375e+02 9.37782974e+01 3.18205032e+01 1.24682434e+02
    5.96550255e+01 1.23802681e+02 8.98323212e+01 1.23240730e+02
    1.21011749e+02 1.22472717e+02 1.51504868e+02 1.21866844e+02
    1.79732300e+02 1.21411781e+02 2.04869888e+02 1.21006851e+02
    3.35941544e+01 1.56149628e+02 6.13338242e+01 1.55922638e+02
    9.12458038e+01 1.55286697e+02 1.22121696e+02 1.53965149e+02
    1.52319290e+02 1.52323532e+02 1.80381012e+02 1.50350204e+02
    2.05375168e+02 1.48229446e+02 3.74822273e+01 1.86246536e+02
    6.46355057e+01 1.86452728e+02 9.38531647e+01 1.85697784e+02
    1.24007507e+02 1.83963516e+02 1.53392578e+02 1.81366959e+02
    1.80763702e+02 1.78115295e+02 2.05207504e+02 1.74476807e+02
    8.95644226e+01 8.46595230e+01 1.17730598e+02 8.69743881e+01
    1.48396347e+02 9.00376129e+01 1.79883148e+02 9.37111359e+01
    2.10594131e+02 9.80398636e+01 2.39058273e+02 1.02542793e+02
    2.64198395e+02 1.06979652e+02 7.99962311e+01 1.10113640e+02
    1.10160248e+02 1.13444984e+02 1.43383209e+02 1.17316048e+02
    1.77880295e+02 1.21384216e+02 2.11465958e+02 1.25407867e+02
    2.42083405e+02 1.29351761e+02 2.68609009e+02 1.32580902e+02
    7.05364838e+01 1.39716965e+02 1.02322006e+02 1.44733322e+02
    1.37937500e+02 1.49632568e+02 1.75503860e+02 1.54101761e+02
    2.11721573e+02 1.57619156e+02 2.44508911e+02 1.60147247e+02
    2.72470673e+02 1.61755432e+02 6.16393967e+01 1.73232498e+02
    9.47547150e+01 1.80300507e+02 1.32585876e+02 1.86530212e+02
    1.72592331e+02 1.91162048e+02 2.11201706e+02 1.93643021e+02
    2.45739609e+02 1.94409515e+02 2.74779175e+02 1.93675186e+02
    4.01969032e+01 7.34625626e+01 6.90968094e+01 7.72980042e+01
    1.01592003e+02 8.21922302e+01 1.36074997e+02 8.81850586e+01
    1.70092758e+02 9.47118073e+01 2.01667679e+02 1.01471176e+02
    2.29447830e+02 1.07909950e+02 2.81129646e+01 1.03336113e+02
    5.85121002e+01 1.08447716e+02 9.33454361e+01 1.14426613e+02
    1.30756805e+02 1.20670151e+02 1.67929108e+02 1.26839615e+02
    2.01974609e+02 1.32529739e+02 2.31494110e+02 1.37320114e+02
    1.74846973e+01 1.37649155e+02 4.88024712e+01 1.44793518e+02
    8.56260834e+01 1.52009048e+02 1.25699257e+02 1.58528076e+02
    1.65547806e+02 1.63789078e+02 2.01762604e+02 1.67495941e+02
    2.32637589e+02 1.69822235e+02 9.48369026e+00 1.75089935e+02
    4.16267242e+01 1.84520416e+02 7.96961823e+01 1.93079163e+02
    1.21560318e+02 1.99573257e+02 1.63004623e+02 2.03452713e+02
    2.00748810e+02 2.04791824e+02 2.32655563e+02 2.04245728e+02
    6.73667374e+01 1.36957504e+02 8.81821518e+01 1.37390808e+02
    1.10487625e+02 1.37537842e+02 1.33563736e+02 1.37556458e+02
    1.56844452e+02 1.37563614e+02 1.79418503e+02 1.37419449e+02
    2.00949982e+02 1.37297760e+02 6.48815155e+01 1.59099487e+02
    8.65100250e+01 1.59766937e+02 1.09617722e+02 1.60320175e+02
    1.33762863e+02 1.60389877e+02 1.58040909e+02 1.60152985e+02
    1.81614044e+02 1.59411240e+02 2.03647873e+02 1.58397095e+02
    6.34527016e+01 1.82322403e+02 8.55823898e+01 1.83577728e+02
    1.09568031e+02 1.84358810e+02 1.34474579e+02 1.84406113e+02
    1.59593521e+02 1.83810501e+02 1.83772644e+02 1.82514969e+02
    2.06655182e+02 1.80741470e+02 6.26978416e+01 2.06350433e+02
    8.56178055e+01 2.08126907e+02 1.10335625e+02 2.09261063e+02
    1.35791611e+02 2.09301361e+02 1.61426132e+02 2.08301147e+02
    1.86109726e+02 2.06428741e+02 2.09274094e+02 2.03662567e+02
    3.38810577e+01 7.44433670e+01 5.72682877e+01 6.93507614e+01
    8.73162231e+01 6.38711624e+01 1.25270874e+02 5.90133400e+01
    1.70319641e+02 5.56125755e+01 2.18514343e+02 5.52446899e+01
    2.64019348e+02 5.75410347e+01 3.12024307e+01 1.08671120e+02
    5.42090797e+01 1.07001579e+02 8.44814072e+01 1.05412216e+02
    1.23195496e+02 1.03721054e+02 1.69839020e+02 1.02789742e+02
    2.20155273e+02 1.02851105e+02 2.67219421e+02 1.03858803e+02
    3.11023636e+01 1.43676361e+02 5.41974602e+01 1.46064606e+02
    8.43533249e+01 1.48526459e+02 1.22978699e+02 1.51018967e+02
    1.69536423e+02 1.52803375e+02 2.19581619e+02 1.53476974e+02
    2.66622742e+02 1.52897720e+02 3.38778152e+01 1.77632370e+02
    5.69448318e+01 1.83408432e+02 8.68776398e+01 1.89519928e+02
    1.24637489e+02 1.95224869e+02 1.69303864e+02 1.99270081e+02
    2.17089584e+02 2.00483002e+02 2.62222656e+02 1.98529022e+02
