<?xml version="1.0"?>
<opencv_storage>
<calibration_Time>"Thu 26 Oct 2017 11:11:38 AM CST"</calibration_Time>
<nrOfFrames>20</nrOfFrames>
<image_Width>1920</image_Width>
<image_Height>1080</image_Height>
<board_Width>9</board_Width>
<board_Height>6</board_Height>
<square_Size>40.</square_Size>
<FixAspectRatio>1.</FixAspectRatio>
<!-- flags:  +fix_aspectRatio -->
<flagValue>2</flagValue>
<Camera_Matrix type_id="opencv-matrix">
  <rows>3</rows>
  <cols>3</cols>
  <dt>d</dt>
  <data>
    1.0134041280362100e+03 0. 9.5286805701478465e+02 0.
    1.0134041280362100e+03 5.7660202849004759e+02 0. 0. 1.</data></Camera_Matrix>
<Distortion_Coefficients type_id="opencv-matrix">
  <rows>5</rows>
  <cols>1</cols>
  <dt>d</dt>
  <data>
    -2.8459534911930146e-01 1.1500589500030645e-01
    -5.0346475961348487e-03 5.9329191016712763e-06
    -2.5202162001258802e-02</data></Distortion_Coefficients>
<Avg_Reprojection_Error>8.1194466846414015e-01</Avg_Reprojection_Error>
<Per_View_Reprojection_Errors type_id="opencv-matrix">
  <rows>20</rows>
  <cols>1</cols>
  <dt>f</dt>
  <data>
    5.13199091e-01 5.77948391e-01 8.42445195e-01 5.53181887e-01
    5.15461922e-01 6.17055118e-01 7.18183100e-01 8.39291573e-01
    6.20902658e-01 1.24464893e+00 7.98665524e-01 6.02201462e-01
    7.25421906e-01 1.02088606e+00 6.51745141e-01 1.01017118e+00
    1.17414510e+00 7.95435309e-01 1.01070273e+00 8.50649655e-01</data></Per_View_Reprojection_Errors>
<!-- a set of 6-tuples (rotation vector + translation vector) for each view -->
<Extrinsic_Parameters type_id="opencv-matrix">
  <rows>20</rows>
  <cols>6</cols>
  <dt>d</dt>
  <data>
    2.3819725176779580e-01 -3.2313567547322897e-01
    4.9501824095261680e-02 -3.7063070034729191e+02
    -2.3239291011898362e+02 3.4339071883818013e+02
    2.2951798149237071e-01 -2.6188180598577721e-01
    5.4194397178031442e-02 -2.9094975133747499e+02
    -2.1226821366537180e+02 3.4254850739730500e+02
    2.0943437932326636e-01 -9.3111651169176926e-02
    2.8674839707664962e-02 -1.8115896829685011e+02
    -1.9824199398017953e+02 3.8416843149927035e+02
    1.9882265801576701e-01 5.2058464736990816e-05 2.1633106030754651e-02
    -7.9992300418075232e+01 -1.9434103732329316e+02
    4.0173482607688697e+02 1.6948317656896836e-01 7.4207545368526306e-02
    -1.6013976156743274e-02 -2.5088465723841097e+01
    -1.7696899950368237e+02 4.0298094997833766e+02
    1.2693389970933619e-01 1.4555987049745683e-01
    -3.0592808061011355e-02 1.8919258326472914e+01
    -1.4440199028223313e+02 3.9775799745379362e+02
    1.2616077857082014e-01 1.9194123507857866e-01
    -5.2940760836454756e-02 4.6640207264580837e+01
    -1.4476267741314609e+02 3.8969727499709649e+02
    4.8889504430962238e-02 1.7336190454057646e-01
    -4.3192417884138634e-02 2.6071815511035815e+01
    -9.1128380711017982e+01 4.0507984684780172e+02
    5.7759023380622408e-02 9.7082976223460404e-02 8.5294249143385206e-03
    -5.2575036495687236e+01 -9.4169135030642792e+01
    4.0634992729403371e+02 7.6858091622005964e-02
    -1.2930113722830495e-02 1.2860329087202303e-02
    -1.8525613285865003e+02 -1.0728545459103978e+02
    3.9068568696003393e+02 9.4323321773401983e-02
    -1.3943727402266670e-01 2.1862763473160997e-02
    -2.9987798828997353e+02 -1.2487726278713207e+02
    3.3987360684580295e+02 9.4614002157241403e-02
    -1.9490650282723043e-01 2.3541997137503639e-02
    -3.4841783747413922e+02 -1.2498388768573213e+02
    3.0206162107158252e+02 4.6957943040721185e-02
    -2.0223057654204024e-01 5.3523146946510683e-02
    -3.4581678242264047e+02 -9.9907914402649894e+01
    2.9563791857299373e+02 -2.1095921936629198e-02
    -2.1827797160979237e-01 -1.3504686813690282e-02
    -3.4423843159282336e+02 -4.2520701105606435e+01
    2.9958917368809836e+02 -2.7766868910039651e-02
    -1.8059417844395304e-01 -1.0748974707995056e-02
    -2.9634231862269127e+02 -3.8068254763700239e+01
    3.2116918393801603e+02 -2.6299751338835749e-03
    -4.8943438248304091e-02 1.2086537381789159e-02
    -1.9370884121723861e+02 -5.3540514572694292e+01
    3.5465167284359524e+02 -1.4980349820541208e-02
    4.4161415029992129e-02 2.3169362080143134e-02
    -9.6005031324690719e+01 -4.9904046537855145e+01
    3.6974235391574729e+02 4.2580575436847743e-03 1.3958151391895365e-01
    2.7447984242340562e-02 -2.9256759665304049e+01
    -6.9647674019525780e+01 3.5593713953157470e+02
    1.8995622187589233e-02 1.9483448545035911e-01 3.0162672869442325e-02
    -2.7190879010435676e+01 -8.2111932662923849e+01
    3.2300240620769893e+02 9.3403719653031639e-02 1.4144205101141469e-01
    1.5938107353943354e-02 -9.0344284123500458e+01
    -1.1466298868913336e+02 2.9414025459958788e+02</data></Extrinsic_Parameters>
