<?xml version="1.0"?>
<opencv_storage>
<calibration_Time>"Tue 07 Nov 2017 08:28:25 PM CST"</calibration_Time>
<nrOfFrames>25</nrOfFrames>
<image_Width>1280</image_Width>
<image_Height>720</image_Height>
<board_Width>9</board_Width>
<board_Height>6</board_Height>
<square_Size>40.</square_Size>
<FixAspectRatio>1.</FixAspectRatio>
<!-- flags:  +fix_aspectRatio -->
<flagValue>2</flagValue>
<Camera_Matrix type_id="opencv-matrix">
  <rows>3</rows>
  <cols>3</cols>
  <dt>d</dt>
  <data>
    6.5300502706435589e+02 0. 6.4083190705902166e+02 0.
    6.5300502706435589e+02 3.4734777921641637e+02 0. 0. 1.</data></Camera_Matrix>
<Distortion_Coefficients type_id="opencv-matrix">
  <rows>5</rows>
  <cols>1</cols>
  <dt>d</dt>
  <data>
    -2.6115105806894834e-01 9.3939960492932545e-02
    7.7988220019296862e-04 8.0909407439026508e-05
    -1.7780633520264617e-02</data></Distortion_Coefficients>
<Avg_Reprojection_Error>4.8625769854521445e-01</Avg_Reprojection_Error>
<Per_View_Reprojection_Errors type_id="opencv-matrix">
  <rows>25</rows>
  <cols>1</cols>
  <dt>f</dt>
  <data>
    2.63882518e-01 2.47908995e-01 2.80083776e-01 3.02893609e-01
    4.13500696e-01 4.50788409e-01 4.36569899e-01 7.60555148e-01
    7.31709898e-01 5.57018220e-01 5.42191863e-01 6.40796363e-01
    3.78889769e-01 5.17281711e-01 5.89253724e-01 3.63622278e-01
    4.64716375e-01 3.03224862e-01 3.35452974e-01 5.95141113e-01
    3.88711125e-01 5.64101338e-01 4.38766807e-01 4.74624455e-01
    6.03398561e-01</data></Per_View_Reprojection_Errors>
<!-- a set of 6-tuples (rotation vector + translation vector) for each view -->
<Extrinsic_Parameters type_id="opencv-matrix">
  <rows>25</rows>
  <cols>6</cols>
  <dt>d</dt>
  <data>
    1.8098780438816967e-01 -7.7348390340128803e-02
    3.6461217324931038e-02 -2.2813188250701464e+02
    -1.3139919981456518e+02 3.9325146151295746e+02
    2.0202249624927573e-01 -1.0941600756440432e-01
    4.5786646797751622e-02 -2.6059008004981473e+02
    -1.4521766643309221e+02 3.4745938722092092e+02
    2.1235257624058379e-01 -1.3904718038464006e-01
    5.9166233090932413e-02 -2.7705269164788871e+02
    -1.5257562255947926e+02 3.0321798764087919e+02
    2.2161305194197922e-01 -1.5297692455766432e-01
    6.8089136960955740e-02 -2.8566591164630000e+02
    -1.5944247514517727e+02 2.5909827446706009e+02
    1.8275506542478093e-01 -1.6243396995309450e-01
    7.2893338771222921e-02 -2.8813830096798426e+02
    -1.3705327256408958e+02 2.4182997545250709e+02
    1.5947878251635370e-01 -1.7078463571661692e-01
    8.3997718369130420e-02 -2.8747717621805714e+02
    -1.2698324946333686e+02 2.2918142565029785e+02
    1.1714535990212480e-01 -1.6443078688755836e-01
    6.2666714428132653e-02 -2.8770164244480276e+02
    -1.0104226223705558e+02 2.3265594591038172e+02
    4.3682328790505799e-02 -1.8613212321814693e-01
    1.0188042340187836e-02 -2.9515247452259729e+02
    -6.2946626083473824e+01 2.3187596282331990e+02
    2.3857562376088933e-02 -1.9868561244562502e-01
    4.5231911395186918e-02 -2.8864044240152606e+02
    -5.9787342300092334e+01 2.3069332681966424e+02
    5.5239490408567904e-02 -1.3040807529194684e-01
    3.1297669759030498e-02 -2.5996316618191611e+02
    -6.6286253761443831e+01 2.4466422945137160e+02
    5.9061161827396104e-02 -3.9727995588507592e-02
    1.1442041120030940e-02 -2.1851335506055773e+02
    -6.2508701195840125e+01 2.6340434705200585e+02
    9.6039649955694723e-02 5.6383238909516721e-02 1.2365804836168977e-02
    -1.7717758981950871e+02 -7.4030632887493468e+01
    2.7316024941733878e+02 1.0596924091245860e-01 1.3673100505962940e-01
    3.1041748433426577e-02 -1.3512178526252751e+02
    -7.9976459390621173e+01 2.7602138735018337e+02
    8.9389139362260714e-02 1.8353737540550741e-01 4.3859601838518256e-03
    -1.1467831904136600e+02 -7.4033742034942023e+01
    2.6701365009590728e+02 6.9927558788603419e-02 1.9770983799547140e-01
    -2.2015767239548394e-02 -1.1083620265746188e+02
    -7.5033016749648240e+01 2.5777482356687364e+02
    6.0352138448261490e-02 1.8823124071827685e-01
    -9.7089796105872973e-03 -1.0697459095498826e+02
    -8.3584564870062977e+01 2.8832962828854522e+02
    9.4471115180745469e-02 1.9464590101362791e-01
    -1.9430520415724011e-02 -1.0301688426498015e+02
    -1.1295459807348172e+02 2.8753967497667611e+02
    1.1264250584245242e-01 1.9471049720736588e-01
    -1.8673389427234864e-02 -9.7367972380381218e+01
    -1.2815827874017106e+02 3.0390989749125919e+02
    1.2557127458669726e-01 2.1112408993278775e-01
    -3.1267908879270195e-02 -8.3610543682537099e+01
    -1.4048723661458087e+02 3.0171939744558983e+02
    1.0425562515924049e-01 1.4509286190992141e-01 3.6299051358918630e-03
    -1.1688705249246421e+02 -1.2832158513565429e+02
    2.9938690708036853e+02 1.0983713759348948e-01 5.7267401897139136e-02
    2.0144912228034342e-02 -1.5855268788990924e+02
    -1.2576031366366155e+02 2.9417470964381499e+02
    1.1895267957577324e-01 -3.6608133619639341e-02
    3.3283204157327030e-02 -1.6429941740534269e+02
    -1.2023180866960259e+02 3.0517385454164418e+02
    1.4082246400945295e-01 -2.3241944807685277e-01
    2.3139323884707332e-02 -2.0331290477933507e+02
    -1.1797032407583580e+02 2.7359241426595713e+02
    9.1123806201865151e-02 -3.6695377988300204e-01
    1.0485015267123310e-01 -2.0509191115706545e+02
    -1.0935504562323777e+02 2.4362654328750014e+02
    9.4940121172671477e-02 -4.3498451442574909e-01
    9.6362319062382115e-02 -2.1577975317164706e+02
    -1.0611626618008820e+02 2.1215872703811615e+02</data></Extrinsic_Parameters>
