<?xml version="1.0"?>
<opencv_storage>
<calibration_Time>"Thu 19 Oct 2017 09:26:15 PM CST"</calibration_Time>
<nrOfFrames>24</nrOfFrames>
<image_Width>1920</image_Width>
<image_Height>1080</image_Height>
<board_Width>9</board_Width>
<board_Height>6</board_Height>
<square_Size>40.</square_Size>
<FixAspectRatio>1.</FixAspectRatio>
<!-- flags:  +fix_aspectRatio -->
<flagValue>2</flagValue>
<Camera_Matrix type_id="opencv-matrix">
  <rows>3</rows>
  <cols>3</cols>
  <dt>d</dt>
  <data>
    1.2866428555810062e+03 0. 9.7807100861603192e+02 0.
    1.2866428555810062e+03 6.1439643455340672e+02 0. 0. 1.</data></Camera_Matrix>
<Distortion_Coefficients type_id="opencv-matrix">
  <rows>5</rows>
  <cols>1</cols>
  <dt>d</dt>
  <data>
    -3.7249671392325995e-01 1.8290789590053780e-01
    -1.3059484925719520e-02 -4.6586660911533979e-03
    -5.6660253032738403e-02</data></Distortion_Coefficients>
<Avg_Reprojection_Error>1.2949813461699697e+00</Avg_Reprojection_Error>
<Per_View_Reprojection_Errors type_id="opencv-matrix">
  <rows>24</rows>
  <cols>1</cols>
  <dt>f</dt>
  <data>
    5.52250266e-01 1.60545528e+00 1.32741106e+00 1.09056640e+00
    1.08607471e+00 1.10408366e+00 1.22944617e+00 8.61394465e-01
    8.67961526e-01 8.11455727e-01 1.18597639e+00 7.14212656e-01
    1.10089505e+00 1.69512582e+00 1.26380289e+00 9.60210919e-01
    1.25324929e+00 1.66244686e+00 1.22521472e+00 1.73874831e+00
    1.73533618e+00 1.38172460e+00 1.72423720e+00 1.75389016e+00</data></Per_View_Reprojection_Errors>
<!-- a set of 6-tuples (rotation vector + translation vector) for each view -->
<Extrinsic_Parameters type_id="opencv-matrix">
  <rows>24</rows>
  <cols>6</cols>
  <dt>d</dt>
  <data>
    3.0115799743056254e-01 -3.3119186087732327e-01
    2.5717558258736863e-02 -4.7089668231071130e+02
    -2.7228696061697326e+02 6.9709390361255589e+02
    3.9074965445595111e-01 -4.3841204351288315e-01
    6.6829084453126381e-02 -5.1545154662568234e+02
    -3.2464524446927999e+02 5.5798102053770765e+02
    3.3904659651969055e-01 -4.0003381380070396e-01
    4.3692967641754815e-02 -4.7930159176778272e+02
    -2.8814285272275077e+02 5.6329399775292552e+02
    2.7928419366659873e-01 -3.5681759660533890e-01
    5.9485388033494388e-02 -4.0585830163512674e+02
    -2.6079481517918612e+02 4.8418635472436699e+02
    2.6470696188726034e-01 -3.0357974846822067e-01
    5.4003053719055213e-02 -3.3507736886897919e+02
    -2.3363894392534766e+02 4.4630827561952333e+02
    2.3249791696762556e-01 -1.9461375125778099e-01
    2.6726568002185608e-02 -2.5004776260834529e+02
    -2.1416749363061186e+02 4.8457748970720337e+02
    2.2953726275166275e-01 -6.8170266202230864e-02
    2.6794902941270380e-02 -1.3903687386352146e+02
    -2.1301478931623356e+02 5.0823943287880275e+02
    2.0614898627987513e-01 -1.8904379988113826e-03
    5.7471386898776330e-03 -6.2263946301587318e+01
    -1.9677557862362895e+02 5.1328217748270197e+02
    1.8375849703597427e-01 9.2238826707540633e-02
    -2.3423673186302944e-02 -9.1007548558837819e+00
    -1.7709310655523865e+02 5.0425409729355891e+02
    1.6394790863171863e-01 1.6348222387681113e-01
    -4.2831262599725813e-02 2.6226882234894983e+01
    -1.6455186320263238e+02 5.0118674038303800e+02
    1.4530105823653391e-01 1.7320967709513885e-01
    -2.9598355248472312e-02 2.1887509771411590e+01
    -1.4309040129228489e+02 5.0344085257860667e+02
    6.3976154858745499e-02 1.5705697587426942e-01
    -1.1027608653513278e-02 -3.1931591492157607e-01
    -1.0117618264314406e+02 5.1600547484083597e+02
    8.5750224080371806e-02 4.6242140047469918e-02 1.4026379239364478e-02
    -9.4809499142309306e+01 -1.1168766257321678e+02
    5.1096207647194473e+02 9.9555051262223970e-02
    -4.9439277897635969e-02 7.3585345984403475e-03
    -2.5396070769474028e+02 -1.2741643182369864e+02
    4.9045157876668344e+02 1.1124619447014038e-01
    -1.4113983674699174e-01 2.1381989111434914e-02
    -3.3093607036448805e+02 -1.3929264192191354e+02
    4.3628277703984577e+02 1.1135504254403369e-01
    -1.8686200232799247e-01 1.7040848849096513e-02
    -3.6412645989911778e+02 -1.3645189147729448e+02
    3.9793047958003376e+02 4.1992721917502189e-02
    -1.9250688314722483e-01 5.5932868300315110e-02
    -3.5308757121882076e+02 -1.0301759772225562e+02
    3.9750241566752123e+02 -2.3003134742608733e-02
    -2.2239078856616357e-01 -2.9916432706542914e-02
    -3.5361389567220181e+02 -4.9591769026324414e+01
    4.0138053869215958e+02 4.9957676026555591e-03
    -1.6050169483939916e-01 -1.6647383206104475e-02
    -2.9177458060620569e+02 -5.5429911525927693e+01
    4.2695990222929959e+02 2.2126071691531569e-02
    -4.9800883124775409e-02 1.1602526376247081e-02
    -2.0087957105744232e+02 -6.7000980187593370e+01
    4.5511822072611699e+02 1.2070669815115682e-02 1.8229187286101844e-02
    2.4379625135554951e-02 -1.1311498183347155e+02
    -6.4264046600019711e+01 4.6658614214375217e+02
    2.4380580877784743e-02 1.2804626382273179e-01 2.9299374234561960e-02
    -3.7628553720379806e+01 -8.2615002709201391e+01
    4.5082579138842988e+02 2.8381359301516442e-02 2.0387541952738419e-01
    3.2002260300734602e-02 -2.7429313052737026e+01
    -9.1163801193743950e+01 4.1303740567970539e+02
    1.0864885320458968e-01 1.4185342655411784e-01 1.1653952904527327e-02
    -1.0128075903450109e+02 -1.2129942472531893e+02
    3.8011415390347400e+02</data></Extrinsic_Parameters>
