<?xml version="1.0"?>
<opencv_storage>
<calibration_Time>"Tue 10 Oct 2017 05:19:18 PM CST"</calibration_Time>
<nrOfFrames>16</nrOfFrames>
<image_Width>640</image_Width>
<image_Height>480</image_Height>
<board_Width>8</board_Width>
<board_Height>6</board_Height>
<square_Size>40.</square_Size>
<FixAspectRatio>1.</FixAspectRatio>
<!-- flags:  +fix_aspectRatio +fix_principal_point +zero_tangent_dist -->
<flagValue>14</flagValue>
<Camera_Matrix type_id="opencv-matrix">
  <rows>3</rows>
  <cols>3</cols>
  <dt>d</dt>
  <data>
    4.7871561019804511e+02 0. 320. 0. 4.7871561019804511e+02 240. 0. 0.
    1.</data></Camera_Matrix>
<Distortion_Coefficients type_id="opencv-matrix">
  <rows>5</rows>
  <cols>1</cols>
  <dt>d</dt>
  <data>
    2.8020430271508538e-03 7.6873663996289601e-02 0. 0.
    -2.2574555756087250e-01</data></Distortion_Coefficients>
<Avg_Reprojection_Error>5.2722826860109007e-01</Avg_Reprojection_Error>
<Per_View_Reprojection_Errors type_id="opencv-matrix">
  <rows>16</rows>
  <cols>1</cols>
  <dt>f</dt>
  <data>
    6.20482922e-01 7.28455126e-01 6.27427876e-01 4.55084085e-01
    3.17177743e-01 3.34109664e-01 4.33537036e-01 4.91417795e-01
    5.83875895e-01 5.81179440e-01 5.92661202e-01 4.84104723e-01
    4.60628480e-01 5.80144167e-01 6.13946617e-01 3.15377265e-01</data></Per_View_Reprojection_Errors>
<!-- a set of 6-tuples (rotation vector + translation vector) for each view -->
<Extrinsic_Parameters type_id="opencv-matrix">
  <rows>16</rows>
  <cols>6</cols>
  <dt>d</dt>
  <data>
    -1.7114364827348882e-01 1.7227897404615447e-01
    -7.3311442855900893e-03 -6.4051235035904099e+01
    -6.1746781351707867e+01 5.4999562525645638e+02
    -1.8514431031610118e-01 8.6873086733137678e-02
    -5.5076221403786624e-02 -1.3987739122701646e+02
    -3.2517045982073640e+01 5.3839652165068890e+02
    -1.3658356106592701e-01 3.1191665160609557e-03
    -8.7196488077096623e-02 -2.3318872388795128e+02
    -5.8268498236512123e+01 5.1887036294486393e+02
    -8.2183288790315570e-02 -1.2424462775609421e-02
    -3.8018568704770252e-02 -2.4662417342134478e+02
    -1.2706411457979993e+02 5.0454173650274697e+02
    -4.4357891510993314e-02 -3.0369077957107912e-02
    1.3894845212523628e-02 -2.5401035518393300e+02
    -1.7815766868366401e+02 4.9218314687077140e+02
    -8.2462112863440670e-02 4.6073237487029808e-02
    4.8669143903671804e-03 -1.7245294399649316e+02
    -1.5901732207107787e+02 5.1613017132101709e+02
    -8.9762932090381928e-02 1.5399619092011504e-01
    4.0999524975940040e-02 -6.4046663119146857e+01
    -1.6654536971248510e+02 5.2967605521638893e+02
    -1.2153855530530580e-01 1.8685114034108991e-01
    4.0440066598573694e-02 -3.0173827898869892e+01
    -1.3779901391288556e+02 5.3035577277790571e+02
    -1.5473266507541858e-01 1.5019769271173838e-01
    3.2968997302479292e-02 -6.4149771983530101e+01
    -1.1536927253213489e+02 5.2913882445504339e+02
    -1.6784230439711426e-01 7.5379660093973996e-02
    9.5295781094851418e-03 -1.3652987816989040e+02
    -9.6566279475930855e+01 5.1932463092517241e+02
    -1.4922829398578066e-01 3.7734146016278801e-02
    -4.2078761761229783e-03 -1.7738473241976740e+02
    -1.0578691255290873e+02 5.1225992658824214e+02
    -1.1485361098895860e-01 4.7075360472168301e-02
    7.8163726474898970e-03 -1.7424996229887705e+02
    -1.3923408479308372e+02 5.1170907359266994e+02
    -1.1429252153939617e-01 1.0820312635670701e-01
    2.1725948844171474e-02 -1.1551335027654605e+02
    -1.5017136646555110e+02 5.2614470943961419e+02
    -1.7786358909381444e-01 2.9882190699492168e-02
    7.7269723986459031e-03 -2.1021482549654786e+02
    -5.1825878584109525e+01 6.3801738985028385e+02
    -2.4057176935149929e-01 2.8238501878803079e-01
    8.3229194491282771e-02 2.7335051384340332e+01
    -2.1404883282327841e+01 6.7997664950589456e+02
    -5.1500429467547369e-02 2.3510507365601496e-01
    1.4513339763116717e-01 -8.3854733863378996e+00
    -2.3289191505733069e+02 6.4142638716718443e+02</data></Extrinsic_Parameters>
<Image_points type_id="opencv-matrix">
  <rows>16</rows>
  <cols>48</cols>
  <dt>"2f"</dt>
  <data>
    2.63420837e+02 1.86606232e+02 2.97585449e+02 1.85604553e+02
    3.32439758e+02 1.83468262e+02 3.68553345e+02 1.82607483e+02
    4.05529999e+02 1.80481018e+02 4.43439331e+02 1.78980423e+02
    4.82664032e+02 1.77582581e+02 5.22763489e+02 1.75420059e+02
    2.62639435e+02 2.20458206e+02 2.97337891e+02 2.19431717e+02
    3.32530670e+02 2.18547119e+02 3.69149048e+02 2.17573303e+02
    4.06568237e+02 2.16582336e+02 4.45034515e+02 2.15270477e+02
    4.84446930e+02 2.14379562e+02 5.25274475e+02 2.12481415e+02
    2.61979370e+02 2.55438660e+02 2.96564484e+02 2.55019882e+02
    3.32493744e+02 2.54546005e+02 3.69580719e+02 2.53527573e+02
    4.07417725e+02 2.53027374e+02 4.46554779e+02 2.52487854e+02
    4.86636719e+02 2.51481003e+02 5.27498108e+02 2.51055573e+02
    2.61064026e+02 2.90972260e+02 2.96385986e+02 2.90907166e+02
    3.32544708e+02 2.90784241e+02 3.70366577e+02 2.90683533e+02
    4.08494904e+02 2.90559082e+02 4.47617950e+02 2.90522034e+02
    4.88481201e+02 2.90509827e+02 5.30710388e+02 2.90498474e+02
    2.60184082e+02 3.27379547e+02 2.95584229e+02 3.27530670e+02
    3.32527771e+02 3.28252747e+02 3.70579834e+02 3.28472504e+02
    4.09520233e+02 3.29235474e+02 4.49554077e+02 3.29523468e+02
    4.90710663e+02 3.30184631e+02 5.33211365e+02 3.30506378e+02
    2.59362274e+02 3.64457458e+02 2.95412811e+02 3.65506744e+02
    3.32539124e+02 3.66562775e+02 3.71015411e+02 3.67480164e+02
    4.10535767e+02 3.68467896e+02 4.50989197e+02 3.69507355e+02
    4.92630432e+02 3.70607269e+02 5.35445923e+02 3.71527344e+02
    1.94808884e+02 2.11331940e+02 2.29509872e+02 2.09309494e+02
    2.64771759e+02 2.06821609e+02 3.00674469e+02 2.04086288e+02
    3.37087646e+02 2.02154526e+02 3.74279419e+02 1.99192383e+02
    4.10993744e+02 1.96716644e+02 4.49100555e+02 1.94355515e+02
    1.94996933e+02 2.46665085e+02 2.30491852e+02 2.43907486e+02
    2.66419983e+02 2.42055283e+02 3.02522156e+02 2.39372650e+02
    3.39332367e+02 2.37510086e+02 3.76441681e+02 2.34969376e+02
    4.14646515e+02 2.32619354e+02 4.52709747e+02 2.30463165e+02
    1.95094940e+02 2.82422760e+02 2.30866730e+02 2.79698486e+02
    2.67048187e+02 2.78446381e+02 3.03684387e+02 2.75729797e+02
    3.41483154e+02 2.74354492e+02 3.79199829e+02 2.71614105e+02
    4.18167938e+02 2.69778320e+02 4.56666077e+02 2.67361694e+02
    1.95165604e+02 3.18695312e+02 2.31454178e+02 3.17011719e+02
    2.68435150e+02 3.15270905e+02 3.05653473e+02 3.13527863e+02
    3.43344452e+02 3.11439575e+02 3.82460693e+02 3.09839996e+02
    4.21303101e+02 3.07569519e+02 4.60774292e+02 3.06230255e+02
    1.95348145e+02 3.56442902e+02 2.31892609e+02 3.54995972e+02
    2.69498352e+02 3.53508240e+02 3.07382233e+02 3.51616119e+02
    3.46331177e+02 3.50578430e+02 3.85068420e+02 3.48648987e+02
    4.24714294e+02 3.47129852e+02 4.65159729e+02 3.45622223e+02
    1.95447403e+02 3.95133789e+02 2.32528290e+02 3.94420441e+02
    2.70668579e+02 3.92657074e+02 3.09478638e+02 3.91457550e+02
    3.48252808e+02 3.90545746e+02 3.87849915e+02 3.89016144e+02
    4.28224579e+02 3.87466766e+02 4.69513672e+02 3.86562317e+02
    1.04532631e+02 1.86398300e+02 1.41203247e+02 1.83078003e+02
    1.77729279e+02 1.79868744e+02 2.14854263e+02 1.76976761e+02
    2.51335815e+02 1.74205231e+02 2.87923157e+02 1.71076385e+02
    3.24663727e+02 1.67513962e+02 3.61893005e+02 1.64515793e+02
    1.05632011e+02 2.22504105e+02 1.42430984e+02 2.18973160e+02
    1.79317780e+02 2.15780655e+02 2.16653870e+02 2.12897827e+02
    2.54186798e+02 2.09831589e+02 2.91163727e+02 2.06784485e+02
    3.28206940e+02 2.03291260e+02 3.65641937e+02 1.99874405e+02
    1.06451881e+02 2.58943817e+02 1.43628082e+02 2.55761780e+02
    1.81491287e+02 2.52803131e+02 2.19285248e+02 2.49694794e+02
    2.56879150e+02 2.46482071e+02 2.94593964e+02 2.43090744e+02
    3.31615906e+02 2.39814941e+02 3.70077759e+02 2.36674408e+02
    1.07493752e+02 2.96861176e+02 1.45539780e+02 2.93822021e+02
