0 937 265.747
1 2 239.388
2 6 177.853
3 467 225.024
4 5 270.321
5 1864 206.679
6 2 177.853
7 463 199.914
8 476 255.866
9 510 212.892
10 467 199.006
11 927 266.854
12 441 201.196
13 10 302.282
14 285 180.96
15 981 223.976
16 467 227.991
17 14 251.967
18 910 211.682
19 467 230.88
20 631 270.146
21 653 236.226
22 910 230.082
23 463 266.089
24 69 283.906
25 423 213.966
26 479 239.493
27 25 272.551
28 394 242.764
29 25 225.659
30 37 185.165
31 476 282.067
32 823 205.088
33 63 217.874
34 633 294.588
35 523 266.375
36 633 165.267
37 30 185.165
38 286 309.671
39 30 258.932
40 45 219.028
41 44 239.013
42 1628 235.819
43 49 209.428
44 49 176.949
45 63 169.795
46 96 230.393
47 49 216.084
48 45 213.544
49 44 176.949
50 444 195.914
51 53 289.795
52 59 284.887
53 2 205.355
54 559 245.015
55 321 194.853
56 25 298.393
57 444 257.599
58 61 269.889
59 473 233.382
60 64 266.122
61 63 195.143
62 1235 211.888
63 45 169.795
64 63 177.874
65 69 192.378
66 69 198.26
67 69 171.51
68 63 207.021
69 67 171.51
70 109 169.949
71 523 331.808
72 25 301.958
73 77 312.894
74 321 274.516
75 856 211.792
76 49 231.636
77 232 218.002
78 128 278.103
79 75 244.212
80 717 218.142
81 49 331.474
82 895 240.595
83 888 171.925
84 893 198.238
85 888 144.157
86 64 277.229
87 84 249.706
88 30 217.937
89 82 267.735
90 1644 241.889
91 1671 245.295
92 33 263.191
93 33 221.802
94 672 265.304
95 653 234.853
96 236 220.967
97 1635 304.671
98 96 319.39
99 2994 344.391
100 106 199.579
101 107 226.723
102 136 268.848
103 105 89.2356
104 111 256.326
105 103 89.2356
106 100 199.579
107 106 208.359
108 125 267.877
109 70 169.949
110 116 205.288
111 135 195.432
112 111 244.224
113 114 179.305
114 113 179.305
115 113 256.397
116 110 205.288
117 353 195.243
118 2656 97.0464
119 162 230.912
120 121 151.439
121 123 131.19
122 125 157.723
123 128 130.154
124 215 220.094
125 123 141.657
126 229 193.005
127 125 154.112
128 123 130.154
129 125 208.249
130 125 213.519
131 193 233.466
132 135 205.109
133 135 147.347
134 382 228.769
135 133 147.347
136 273 203.868
137 138 155.231
138 137 155.231
139 2094 278.05
140 149 210.901
141 142 222.443
142 125 161.638
143 144 224.754
144 149 157.016
145 149 164.446
146 187 190.399
147 121 198.996
148 2933 302.275
149 121 152.584
150 181 255.693
151 917 154.311
152 904 228.951
153 155 158.994
154 157 241.905
155 409 136.09
156 498 170.817
157 154 241.905
158 124 230.272
159 268 206.612
160 163 205.196
161 373 157.814
162 168 194.251
163 256 142.474
164 195 183.302
165 196 207.928
166 168 235.246
167 550 265.664
168 551 82.2661
169 116 217.688
170 174 184.769
171 1644 195.443
172 178 212.171
173 171 287.872
174 178 144.714
175 239 180.321
176 178 190.599
177 2720 334.718
178 174 144.714
179 178 256.291
180 3163 262.544
181 188 122.472
182 181 131.777
183 181 130.124
184 181 197.147
185 181 167.033
186 181 142.277
187 146 190.399
188 181 122.472
189 2933 240.281
190 195 123.024
191 198 213.96
192 181 192.759
193 195 158.541
194 276 253.393
195 190 123.024
196 165 207.928
197 195 137.842
198 190 178.826
199 198 277.538
200 219 255.339
201 206 216.414
202 206 200.118
203 206 164.139
204 244 209.349
205 219 199.415
206 203 164.139
207 361 229.589
208 843 299.171
209 859 142.784
210 214 196.735
211 217 182.513
212 142 179.631
213 215 166.155
214 213 196.44
215 213 166.155
216 288 182.361
217 128 158.043
218 100 218.71
219 182 180.391
220 223 128.345
221 224 291.148
222 220 161.956
223 220 128.345
224 229 150.495
225 226 171.961
226 220 154.454
227 223 172.786
228 225 211.01
229 224 150.495
230 111 233.162
231 44 268.168
232 45 202.167
233 236 230.375
234 230 305.157
235 288 190.678
236 178 188.207
237 274 312.089
238 1442 291.381
239 175 180.321
240 287 220.477
241 271 237.478
242 248 212.375
243 262 298.155
244 204 209.349
245 248 194.301
246 126 215.383
247 193 259.033
248 3174 176.835
249 576 203.303
250 534 226.237
251 967 267.407
252 165 250.831
253 3178 280.008
254 557 216.338
255 368 240.698
256 163 142.474
257 163 219.929
258 280 279.525
259 250 234.208
260 261 240.958
261 36 238.216
262 658 182.771
263 270 289.359
264 533 191.83
265 215 222.135
266 272 301.592
267 295 196.45
268 159 206.612
269 14 248.97
270 272 225.693
271 133 200.851
272 133 155.012
273 133 199.954
274 272 179.048
275 366 249.069
276 138 184.647
277 272 207.031
278 799 255.435
279 272 193.871
280 215 247.248
281 288 214.832
282 288 276.464
283 285 275.831
284 226 181.356
285 14 180.96
286 288 189.382
287 286 190.974
288 226 167.717
289 284 191.333
290 297 274.904
291 542 283.1
292 343 255.444
293 272 200.393
294 297 182.393
295 267 196.45
296 735 202.723
297 343 169.786
298 334 193.836
299 272 202.897
300 304 239.899
301 656 238.249
302 354 162.313
303 1580 203.101
304 193 199.836
305 302 207.514
306 563 213.765
307 308 208.055
308 302 199.841
309 305 225.299
310 429 157.702
311 330 169.201
312 315 294.068
313 315 251.044
314 311 269.474
315 318 154.774
316 318 334.826
317 391 176.158
318 315 154.774
319 311 207.894
320 119 233.193
321 55 194.853
322 961 259.717
323 325 170.816
324 1248 236.557
325 323 170.816
326 272 202.403
327 703 286.322
328 620 272.5
329 619 274.777
330 332 161.071
331 330 198.029
332 334 141.898
333 334 207.232
334 332 141.898
335 318 202.924
336 334 206.188
337 357 287.607
338 375 253.384
339 699 251.246
340 349 240.484
341 271 207.368
342 537 292.907
343 297 169.786
344 956 144.79
345 271 252.043
346 349 204.735
347 3025 266.388
348 341 244.822
349 343 194.683
350 354 180.353
351 353 215.62
352 905 245.142
353 354 139.781
354 353 139.781
355 353 216.744
356 357 212.183
357 354 164.518
358 351 220.766
359 20 307.026
360 492 158.534
361 203 178.404
362 538 171.179
363 366 183.306
364 492 228.442
365 185 266.245
366 360 166.598
367 1632 254.334
368 203 185.421
369 315 256.835
370 349 208.926
371 374 218.701
372 1216 239.287
373 161 157.814
374 375 181.742
375 374 181.742
376 1288 219.014
377 374 249.951
378 371 255.692
379 1644 223.555
380 963 296.101
381 384 247.343
382 135 179.32
383 950 227.187
384 386 214.878
385 1475 226.449
386 384 214.878
387 501 274.389
388 389 224.755
389 382 187.492
390 393 254.19
391 317 176.158
392 603 212.162
393 302 183.458
394 28 242.764
395 393 215.42
396 340 276.733
397 391 195.11
398 1632 230.742
399 317 211.961
400 409 170.255
401 466 219.298
402 905 155.229
403 490 171.401
404 400 220.07
405 496 265.123
406 408 238.703
407 862 173.3
408 409 152.59
409 155 136.09
410 417 156.648
411 984 187.224
412 453 228.848
413 416 279.578
414 874 222.18
415 422 282.273
416 417 178.32
417 410 156.648
418 417 262.862
419 491 261.844
420 2211 267.243
421 423 209.415
422 423 186.932
423 425 144.368
424 968 274.577
425 423 144.368
426 423 173.344
427 879 190.312
428 456 196.126
429 310 157.702
430 433 216.393
431 433 209.693
432 433 200.741
433 450 189.679
434 385 272.686
435 431 233.942
436 433 266.486
437 450 209.737
438 433 289.088
439 407 218.062
440 444 186.721
441 12 201.196
442 449 187.597
443 440 278.226
444 479 162.057
445 3120 169.896
446 447 156.189
447 446 156.189
448 444 192.676
449 513 163.93
450 453 127.802
451 497 178.261
452 453 168.291
453 450 127.802
454 520 144.576
455 453 154.002
456 452 173.885
457 453 172.415
458 495 142.174
459 450 135.079
460 875 175.459
461 462 155.924
462 461 155.924
463 408 193.04
464 468 212.667
465 468 168.564
466 498 184.668
467 463 195.186
468 465 168.564
469 3025 269.232
470 475 154.7
471 730 197.955
472 475 172.308
473 474 203.618
474 475 160.04
475 453 135.548
476 475 184.205
477 472 270.558
478 462 204.466
479 444 162.057
480 481 277.73
481 485 120.56
482 677 268.611
483 582 221.714
484 495 194.136
485 481 120.56
486 451 197.205
487 493 273.727
488 481 122.81
489 485 197.602
490 403 171.401
491 496 199.302
492 498 137.955
493 120 185.622
494 495 220.852
495 458 142.174
496 499 163.194
497 872 155.011
498 492 137.955
499 496 163.194
500 587 249.37
501 545 257.373
502 481 204.817
503 196 333.729
504 520 304.149
505 590 216.289
506 582 259.09
507 920 270.967
508 502 265.682
509 502 215.375
510 513 165.723
511 513 183.855
512 3025 255.885
513 449 163.93
514 519 251.202
515 677 256.774
516 1628 234.796
517 3192 264.762
518 257 241.025
519 987 200.161
520 454 144.576
521 3100 309.724
522 563 261.857
523 524 159.918
524 523 159.918
525 523 161.937
526 523 178.904
527 520 236.178
528 524 240.448
529 3328 307.358
530 673 262.19
531 717 216.306
532 537 296.901
533 264 191.83
534 535 223.538
535 537 190.694
536 819 249.878
537 535 190.694
538 362 171.179
539 530 282.158
540 548 203.311
541 547 234.245
542 547 206.543
543 1861 262.093
544 349 265.724
545 547 223.216
546 214 279.47
547 542 206.543
548 540 203.311
549 547 287.268
550 552 184.578
551 168 82.2661
552 550 184.578
553 563 303.068
554 552 205.976
555 549 305.713
556 691 248.494
557 552 188.97
558 3144 249.988
559 616 213.156
560 565 202.123
561 565 283.299
562 1633 250.715
563 306 213.765
564 565 267.192
565 560 202.123
566 534 302.912
567 457 288.993
568 523 288.819
569 595 204.01
570 575 166.373
571 2442 305.843
572 381 260.325
573 649 221.658
574 711 131.255
575 570 166.373
576 249 203.303
577 640 215.522
578 575 238.622
579 581 223.056
580 589 219.311
581 197 163.486
582 120 178.108
583 215 226.471
584 264 271.565
585 1020 274.705
586 215 215.968
587 582 211.137
588 589 275.884
589 580 219.311
590 505 216.289
591 593 247.687
592 597 231.076
593 595 156.014
594 690 280.399
595 593 156.014
596 457 182.416
597 599 192.094
598 593 178.864
599 593 164.072
600 820 301.936
601 603 244.023
602 605 295.358
603 677 157.633
604 851 219.215
605 392 239.048
606 656 279.169
607 603 257.223
608 676 292.945
609 855 270.257
610 612 219.508
611 3194 319.337
612 616 218.618
613 174 228.123
614 950 228.107
615 977 202.069
616 559 213.156
617 735 207.604
618 612 226.312
619 323 207.322
620 629 212.679
621 547 253.351
622 673 212.272
623 304 307.841
624 677 257.906
625 654 173.364
626 620 237.349
627 629 223.781
628 672 252.185
629 620 212.679
630 113 296.081
631 633 225.996
632 633 298.137
633 36 165.267
634 261 307.777
635 113 242.212
636 684 310.744
637 416 216.097
638 633 249.218
639 3557 220.088
640 649 208.484
641 649 198.197
642 2030 223.016
643 460 225.965
644 649 209.176
645 649 191.737
646 757 223.554
647 558 267.479
648 622 245.739
649 670 191.251
650 891 232.644
651 65 313.366
652 815 209.477
653 658 225.252
654 625 173.364
655 63 256.639
656 652 214.543
657 629 263.596
658 262 182.771
659 653 271.059
660 666 212.029
661 601 273.021
662 512 277.501
663 666 262.239
664 612 252.847
665 383 258.683
666 64 196.665
667 612 315.04
668 351 319.262
669 660 230.944
670 677 178.341
671 174 329.775
672 593 209.862
673 677 207.372
674 847 303.299
675 677 183.871
676 673 208.327
677 603 157.633
678 593 189.104
679 3423 254.299
680 641 282.321
681 686 218.681
682 684 273.179
683 689 243.372
684 645 229.926
685 689 209.866
686 681 218.681
687 686 252.298
688 783 285.217
689 685 209.866
690 1236 221.656
691 612 229.57
692 1923 301.691
693 694 149.278
694 693 149.278
695 1235 222.178
696 1216 245.585
697 1975 197.788
698 695 250.619
699 677 229.438
700 49 233.599
701 744 197.791
702 49 224.197
703 708 211.407
704 998 256.728
705 498 234.327
706 708 216.809
707 727 179.948
708 707 187.596
709 44 219.984
710 422 255.928
711 574 131.255
712 739 194.711
713 718 209.341
714 449 175.97
715 1843 291.508
716 880 189.301
717 531 216.306
718 570 208.971
719 565 251.671
720 725 210.314
721 729 203.623
722 461 196.868
723 727 155.522
724 723 201.037
725 723 163.739
726 722 209.826
727 723 155.522
728 470 268.842
729 721 203.623
730 732 170.716
731 732 170.983
732 783 165.385
733 690 305.439
734 732 195.869
735 296 202.723
736 730 198.97
737 734 208.438
738 831 231.646
739 732 185.086
740 744 175.189
741 1840 164.243
742 746 237.293
743 744 281.685
744 745 162.273
745 744 162.273
746 744 212.452
747 927 265.844
748 794 238.019
749 1090 327.617
750 752 302.122
751 752 158.013
752 751 158.013
753 752 271.671
754 646 280.988
755 996 269.793
756 730 283.474
757 646 223.554
758 49 248.502
759 783 277.87
760 763 178.418
761 783 183.913
762 766 249.18
763 760 178.418
764 761 230.295
765 789 238.073
766 63 225.776
767 758 262.046
768 775 231.023
769 944 287.038
770 42 250.895
771 747 290.088
772 890 201.692
773 1682 264.979
774 565 283.79
775 466 191.314
776 236 319.282
777 1687 255.199
778 666 244.795
779 745 209.888
780 779 220.357
781 786 228.86
782 785 262.201
783 795 164.728
784 68 292.338
785 786 260.572
786 63 182.355
787 666 222.45
788 795 170.836
789 795 167.816
790 575 216.854
791 990 208.075
792 761 223.816
793 789 281.796
794 795 214.144
795 783 164.728
796 741 282.473
797 788 236.016
798 883 254.167
799 278 255.435
800 802 188.298
801 554 300.605
802 800 188.298
803 800 246.317
804 854 243.182
805 222 201.726
806 805 247.397
807 893 223.808
808 895 219.777
809 811 161.919
810 814 223.629
811 809 161.919
812 816 189.173
813 811 218.374
814 871 207.935
815 652 209.477
816 812 189.173
817 990 231.233
818 868 181.221
819 868 218.414
820 822 198.198
821 827 183.323
822 827 133.02
823 32 205.088
824 821 198.764
825 822 147.104
826 822 149.341
827 822 133.02
828 836 278.315
829 834 236.697
830 836 230.701
831 738 231.646
832 837 197.436
833 831 233.021
834 830 235.121
835 837 220.384
836 895 160.065
837 868 176.864
838 850 230.704
839 842 210.725
840 856 156.689
841 840 161.34
842 856 153.673
843 840 209.474
844 219 203.655
845 868 194.712
846 523 224.481
847 841 258.093
848 856 172.409
849 850 170.808
850 856 152.176
851 855 169.756
852 849 250.067
853 856 211.236
854 846 230.517
855 851 169.756
856 850 152.176
857 703 222.964
858 811 226.106
859 209 142.784
860 209 309.824
861 946 256.499
862 407 173.3
863 891 257.696
864 867 229.052
865 990 248.384
866 500 260.367
867 864 229.052
868 842 175.276
869 826 254.129
870 871 152.494
871 870 152.494
872 497 155.011
873 870 200.231
874 414 222.18
875 460 175.459
876 871 182.524
877 871 230.508
878 37 216.553
879 827 148.649
880 716 189.301
881 879 187.187
882 879 202.978
883 798 254.167
884 879 211.764
885 661 306.72
886 881 244.221
887 879 153.377
888 85 144.157
889 879 279.059
890 772 201.692
891 895 181.257
892 896 242.079
893 83 178.113
894 881 289.166
895 836 160.065
896 891 199.739
897 831 289.858
898 905 230.434
899 982 246.612
900 905 196.437
901 3343 142.973
902 3345 171.227
903 491 214.503
904 410 210.259
905 402 155.229
906 394 244.232
907 902 257.551
908 910 227.031
909 910 253.705
910 14 191.596
911 996 205.786
912 22 239.194
913 1863 338.036
914 911 244.836
915 996 236.178
916 910 255.16
917 151 154.311
918 922 181.247
919 945 181.123
920 485 191.399
921 920 257.649
922 485 178.242
923 489 239.984
924 925 259.918
925 922 185.518
926 920 251.004
927 922 189.526
928 1863 220.185
929 997 263.194
930 577 236.173
931 63 329.308
932 948 216.644
933 937 248.449
934 545 274.84
935 1863 276.195
936 987 261.272
937 3094 183.024
938 944 199.461
939 945 223.048
940 441 230.456
941 944 223.981
942 497 251.65
943 10 272.516
944 938 199.461
945 919 181.123
946 740 183.59
947 366 243.622
948 932 216.644
949 951 239.447
950 248 207.808
951 957 200.736
952 957 133.467
953 950 294.171
954 952 226.711
955 1889 184.836
956 344 144.79
957 952 133.467
958 967 203.288
959 967 179.133
960 1862 184.93
961 967 256.067
962 1444 209.816
963 967 171.996
964 967 190.902
965 271 206.166
966 967 189.288
967 963 171.996
968 972 220.032
969 3120 258.438
970 972 259.834
971 974 210.294
972 408 205.682
973 3072 228.297
974 302 208.695
975 2781 348.837
976 2750 257.969
977 615 202.069
978 996 193.666
979 982 177.39
980 978 199.19
981 982 179.68
982 985 161.805
983 520 199.081
984 411 187.224
985 982 161.805
986 902 237.379
987 981 191.847
988 997 230.758
989 522 306.277
990 994 201.593
991 997 255.059
992 431 259.084
993 997 189.116
994 997 179.573
995 997 271.361
996 997 162.922
997 996 162.922
998 1064 195.478
999 1253 172.444
1000 1066 228.646
1001 1007 127.596
1002 1007 196.316
1003 1007 201.245
1004 1060 195.422
1005 1149 202.309
1006 1001 182.133
1007 1001 127.596
1008 1012 151.936
1009 1012 163.064
1010 1009 206.772
1011 1008 325.71
1012 1008 151.936
1013 1012 187.889
1014 1057 231.503
1015 1314 257.163
1016 1012 186.741
1017 1828 329.995
1018 1012 274.304
1019 1024 235.184
1020 1021 179.787
1021 1405 154.089
1022 1024 211.651
1023 1089 297.427
1024 1021 168.541
1025 1021 197.728
1026 1024 205.733
1027 1020 233.568
1028 1709 171.069
1029 1037 267.184
1030 1917 264.959
1031 1033 207.331
1032 1245 259.61
1033 1031 207.331
1034 1037 290.857
1035 1245 198.556
1036 1088 230.766
1037 1031 211.653
1038 1043 249.305
1039 1696 303.328
1040 1653 248.104
1041 1052 225.77
1042 1044 204.394
1043 1009 225.223
1044 1042 204.394
1045 1078 295.574
1046 1021 272.558
1047 1044 265.248
1048 1057 184.528
1049 1052 242.799
1050 1052 254.502
1051 1052 234.56
1052 1057 197.457
1053 1022 289.941
1054 361 202.926
1055 3625 261.137
1056 1730 191.918
1057 1048 184.528
1058 1060 198.965
1059 1062 193.911
1060 1917 172.166
1061 1066 186.04
1062 1067 161.733
1063 1132 317.634
1064 998 195.478
1065 1066 220.644
1066 1061 186.04
1067 1062 161.733
1068 1066 294.866
1069 1637 317.066
1070 1653 262.329
1071 1513 281.453
1072 1076 196.566
1073 1077 160.979
1074 1019 319.763
1075 1647 246.809
1076 1072 196.566
1077 1073 160.979
1078 1085 194.642
1079 1013 288.805
1080 1083 182.796
1081 1083 212.049
1082 1085 195.899
1083 1080 182.796
1084 1108 322.358
1085 1078 194.642
1086 1081 221.024
1087 1082 277.742
1088 1096 223.024
1089 1094 170.168
1090 1565 187.96
1091 1085 224.544
1092 1924 254.51
1093 1024 204.548
1094 1089 170.168
1095 1093 251.836
1096 1088 223.024
1097 1408 283.75
1098 1101 232.918
1099 1144 216.949
1100 1103 295.217
1101 1140 220.383
1102 1110 187.749
1103 1142 201.284
1104 1400 296.91
1105 1134 293.34
1106 1163 221.8
1107 1163 175.225
1108 1111 170.413
1109 1186 257.482
1110 1111 171.623
1111 1113 166.521
1112 1108 229.597
1113 1111 166.521
1114 1110 204.852
1115 1212 207.081
1116 1111 249.005
1117 1024 218.538
1118 1455 139.759
1119 1125 111.354
1120 1123 202.92
1121 1123 205.795
1122 1125 130.142
1123 1119 152.269
1124 1119 256.179
1125 1119 111.354
1126 1841 222.015
1127 1140 185.869
1128 732 196.867
1129 1134 323.707
1130 1134 197.404
1131 321 231.688
1132 1761 210.412
1133 1162 199.286
1134 1122 167.46
1135 1175 219.104
1136 1130 200.069
1137 1142 268.48
1138 1139 131.524
1139 1144 123.257
1140 1127 185.869
1141 1847 203.442
1142 1147 167.858
1143 1139 158.55
1144 1139 123.257
1145 1139 228.068
1146 1139 186.899
1147 1142 167.858
1148 1153 177.651
1149 1154 174.346
1150 1042 229.636
1151 1549 276.018
1152 1005 323.956
1153 1148 177.651
1154 1149 174.346
1155 1149 268.939
1156 1178 242.155
1157 1149 204.543
1158 1163 150.28
1159 1093 296.729
1160 1163 166.233
1161 1299 150.748
1162 1160 176.193
1163 1158 150.28
1164 1166 300.293
1165 1158 156.821
1166 1321 185.026
1167 1013 244.923
1168 1172 219.511
1169 1759 117.935
1170 1832 272.715
1171 708 223.468
1172 1173 205.678
1173 1163 179.836
1174 1175 191.02
1175 1173 180.733
1176 1128 249.546
1177 1175 187.347
1178 1187 168.568
1179 1399 222.159
1180 1187 180.094
1181 1190 165.528
1182 1180 213.545
1183 1181 184.876
1184 1312 161.906
1185 1134 185.007
1186 1178 177.121
1187 1122 162.151
1188 1161 214.647
1189 1181 174.443
1190 1181 165.528
1191 1190 187.944
1192 1188 252.612
1193 1166 195.837
1194 3404 246.987
1195 1191 207.915
1196 1189 181.088
1197 4136 286.982
1198 1207 212.027
1199 1206 163.509
1200 1279 145.613
1201 1909 189.472
1202 2680 152.237
1203 1206 179.701
1204 1200 187.102
1205 1200 206.543
1206 1200 148.977
1207 1747 187.106
1208 1216 149.962
1209 1211 285.251
1210 353 316.272
1211 1513 193.499
1212 1932 197.628
1213 1294 188.33
1214 3716 198.859
1215 1937 229.944
1216 1208 149.962
1217 2955 302.905
1218 1215 263.633
1219 326 274.52
1220 1219 284.667
1221 1620 284.004
1222 1231 292.364
1223 371 233.318
1224 1204 200.747
1225 1256 230.307
1226 1234 261.901
1227 1200 224.368
1228 1235 203.808
1229 1236 177.856
1230 1233 238.833
1231 1233 190.051
1232 1233 190.554
1233 1229 186.981
1234 1233 201.286
1235 1236 188.307
1236 1237 164.116
1237 1236 164.116
1238 1273 240.416
1239 1200 196.745
1240 1255 244.498
1241 1198 286.503
1242 1243 228.963
1243 1245 194.511
1244 1239 259.837
1245 1933 176.001
1246 1255 229.142
1247 1245 239.925
1248 384 220.075
1249 1726 201.1
1250 1255 231.332
1251 1257 200.788
1252 1236 239.908
1253 999 172.444
1254 1580 170.582
1255 1257 171.176
1256 1253 174.702
1257 1452 158.219
1258 3688 276.425
1259 1264 148.001
1260 1249 304.786
1261 1458 204.916
1262 1631 246.541
1263 1849 258.139
1264 1259 148.001
1265 1543 250.464
1266 1282 226.911
1267 1191 308.729
1268 1417 148.774
1269 1415 301.437
1270 1412 230.707
1271 1104 344.762
1272 1412 168.477
1273 1213 211.451
1274 1418 206.614
1275 1277 192.259
1276 1232 207.964
1277 1268 187.184
1278 1279 168.372
1279 1200 145.613
1280 1283 175.067
1281 1279 200.289
1282 1296 146.333
1283 1284 171.483
1284 1283 171.483
1285 1287 167.281
1286 1287 301.251
1287 1294 143.192
1288 1296 141.517
1289 1294 180.025
1290 1272 205.135
1291 1294 227.921
1292 1296 150.459
1293 1296 188.378
1294 1287 143.192
1295 399 259.77
1296 1288 141.517
1297 375 238.943
1298 1310 210.883
1299 1161 150.748
1300 1361 151.802
1301 1329 236.486
1302 1318 165.507
1303 1304 154.591
1304 1361 143.157
1305 1329 144.927
1306 1302 239.487
1307 242 224.484
1308 1317 261.711
1309 1312 173.913
1310 1298 210.883
1311 1316 128.613
1312 1376 144.603
1313 1324 215.893
1314 1317 213.117
1315 1310 214.568
1316 1311 128.613
1317 1300 201.81
1318 1320 162.471
1319 1318 183.003
1320 1318 162.471
1321 1299 169.062
1322 1320 234.018
1323 1321 218.94
1324 1313 215.893
1325 1300 202.024
1326 1343 203.801
1327 1397 196.343
1328 1333 135.676
1329 1328 143.065
1330 1333 125.144
1331 1334 193.74
1332 1119 130.424
1333 1330 125.144
1334 1190 174.162
1335 1330 132.94
1336 1332 169.028
1337 1335 150.627
1338 1345 140.113
1339 1345 211.924
1340 1350 184.748
1341 1389 188.463
1342 1343 195.389
1343 1344 191.049
1344 1350 140.367
1345 1338 140.113
1346 1340 216.533
1347 1394 202.774
1348 1354 310.256
1349 1354 177.579
1350 1356 134.287
1351 1350 156.101
1352 1349 226.312
1353 1354 264.572
1354 1350 139.769
1355 1350 234.462
1356 1350 134.287
1357 3000 279.039
1358 1361 154.598
1359 1361 205.339
1360 1367 170.233
1361 1304 143.157
1362 1361 202.505
1363 1358 187.912
1364 1358 237.224
1365 1830 242.271
1366 1361 188.784
1367 1360 170.233
1368 1377 115.097
1369 1368 267.955
1370 1377 236.212
1371 1377 177.813
1372 1353 285.431
1373 1306 300.002
1374 1923 90.4464
1375 1391 255.837
1376 1312 144.603
1377 1368 115.097
1378 1328 206.966
1379 1386 186.338
1380 1343 243.193
1381 1386 170.201
1382 1386 136.605
1383 1386 158.808
1384 1382 161.37
1385 1388 199.691
1386 1382 136.605
1387 1386 213.115
1388 1389 170.712
1389 1388 170.712
1390 1388 183.632
1391 1924 196.519
1392 1154 186.661
1393 1376 168.154
1394 1347 202.774
1395 1331 199.182
1396 1009 280.016
1397 1327 196.343
1398 1404 135.773
1399 1491 189.3
1400 1402 211.666
1401 1021 167.18
1402 1404 146.716
1403 1404 164.935
1404 1398 135.773
1405 1021 154.089
1406 1404 161.507
1407 1400 290.949
1408 1467 191.881
1409 1410 162.669
1410 1409 162.669
1411 1294 211.037
1412 1272 168.477
1413 1415 209.41
1414 1412 206.322
1415 1472 165.969
1416 1450 276.424
1417 1268 148.774
1418 1421 173.287
1419 1498 233.471
1420 1481 281.096
1421 1418 173.287
1422 1956 204.289
1423 1502 182.024
1424 1469 188.437
1425 1479 189.378
1426 1960 258.609
1427 1425 250.691
1428 1437 207.359
1429 1937 224.585
1430 1491 224.273
1431 1494 169.367
1432 1437 237.809
1433 1437 199.208
1434 1455 272.721
1435 1855 294.125
1436 1437 179.039
1437 1190 177.686
1438 1496 161.998
1439 1443 156.229
1440 1399 271.422
1441 1499 187.67
1442 1570 185.866
1443 1439 156.229
1444 1463 179.336
1445 1499 227.331
1446 3878 290.041
1447 1808 254.155
1448 1452 123.889
1449 1496 158.429
1450 1118 183.862
1451 1452 208.707
1452 1448 123.889
1453 1452 155.199
1454 1448 180.657
1455 1452 126.284
1456 1452 243.213
1457 1409 206.036
1458 1462 152.678
1459 1431 171.945
1460 1962 183.791
1461 3131 159.761
1462 1458 152.678
1463 1467 170.595
1464 1459 183.558
1465 1770 152.035
1466 1463 284.912
1467 1463 170.595
1468 1469 229.381
1469 1472 164.885
1470 1472 143.714
1471 1472 181.438
1472 1470 143.714
1473 1472 205.141
1474 1475 180.01
1475 1474 180.01
1476 1776 175.234
1477 1705 203.884
1478 1776 214.819
1479 1502 185.196
1480 1499 193.514
1481 1479 188.53
1482 1398 277.289
1483 1727 200.222
1484 1470 203.511
1485 1511 250.577
1486 1499 204.684
1487 1506 241.54
1488 1759 178.511
1489 1161 203.389
1490 1497 130.993
1491 1490 168.461
1492 1497 137.367
1493 1497 211.115
1494 1431 169.367
1495 1497 141.644
1496 1490 145.766
1497 1490 130.993
1498 1507 159.142
1499 1441 187.67
1500 1499 194.544
1501 1499 239.354
1502 1423 182.024
1503 1776 201.956
1504 1486 265.549
1505 1498 188.237
1506 1498 160.483
1507 1498 159.142
1508 1514 227.255
1509 1513 142.914
1510 1507 221.473
1511 3450 217.157
1512 1509 200.5
1513 1509 142.914
1514 1509 155.613
1515 1078 293.363
1516 1509 153.263
1517 1509 206.068
1518 1520 217.099
1519 1521 231.348
1520 1518 217.099
1521 1519 231.348
1522 2944 243.167
1523 1522 257.618
1524 1518 245.098
1525 1590 323.779
1526 3421 221.736
1527 1532 228.4
1528 1530 216.301
1529 1183 209.703
1530 1110 193.015
1531 1533 223.876
1532 1575 197.131
1533 1499 191.473
1534 2985 229.813
1535 1536 174.211
1536 1535 174.211
1537 1555 198.234
1538 3622 283.862
1539 1965 217.257
1540 1546 178.852
1541 1540 234.386
1542 1540 259.066
1543 1048 208.032
1544 1586 218.543
1545 1540 196.913
1546 1540 178.852
1547 1050 281.197
1548 1551 210.782
1549 1552 172.727
1550 1552 174.576
1551 1506 200.554
1552 3474 160.609
1553 1552 180.745
1554 343 286.397
1555 1537 198.234
1556 3807 217.917
1557 1513 273.188
1558 1567 173.976
1559 2801 212.72
1560 1566 182.565
1561 1566 270.099
1562 2678 263.03
1563 1565 199.553
1564 1567 241.863
1565 1090 187.96
1566 1560 182.565
1567 1558 173.976
1568 1575 200.966
1569 1575 164.737
1570 1442 185.866
1571 1604 297.206
1572 1575 258.453
1573 1514 188.551
1574 1575 159.208
1575 1509 149.294
1576 1575 211.425
1577 1855 241.31
1578 3701 224.876
1579 1584 162.185
1580 3331 167.888
1581 1227 253.322
1582 3358 190.414
1583 944 250.2
1584 1579 162.185
1585 309 304.521
1586 1579 177.354
1587 3358 252.561
1588 1596 294.369
1589 1546 192.742
1590 1728 215.406
1591 1025 218.606
1592 1443 240.602
1593 1526 251.562
1594 1589 205.456
1595 1589 223.692
1596 1793 209.099
1597 1596 256.786
1598 1377 170.212
1599 1573 204.522
1600 1601 183.982
1601 1600 183.982
1602 1607 272.968
1603 1669 275.609
1604 1598 177.88
1605 1598 194.9
1606 1388 228.951
1607 2830 241.57
1608 1695 218.88
1609 1611 179.816
1610 1608 298.13
1611 1609 179.816
1612 1383 196.523
1613 1381 208.22
1614 1830 288.285
1615 1609 248.778
1616 1644 235.273
1617 1609 290.163
1618 1627 161.501
1619 1820 242.786
1620 1618 210.82
1621 1618 195.56
1622 1558 229.968
1623 1313 226.186
1624 1626 196.813
1625 1620 243.28
1626 1627 168.818
1627 1618 161.501
1628 1636 137.024
1629 1628 211.432
1630 3000 194.412
1631 1632 193.234
1632 1631 193.234
1633 1644 216.844
1634 1696 277.646
1635 1668 225.754
1636 1628 137.024
1637 1644 231.763
1638 1640 201.212
1639 2956 289.308
1640 1641 183.827
1641 1642 164.361
1642 1641 164.361
1643 1509 197.275
1644 3018 158.268
1645 1642 197.861
1646 1653 203.221
1647 1513 165.739
1648 1654 183.262
1649 1891 224.268
1650 1850 284.766
1651 1840 269.838
1652 1654 147.536
1653 1654 171.775
1654 1657 121.673
1655 1657 227.925
1656 1682 178.586
1657 1654 121.673
1658 1354 203.603
1659 1184 265.915
1660 1668 200.935
1661 1606 257.484
1662 1184 181.007
1663 1349 228.55
1664 1665 226.788
1665 1892 194.359
1666 1184 194.549
1667 1184 218.208
1668 1671 176.499
1669 1671 148.544
1670 1671 153.167
1671 1675 140.335
1672 1670 166.582
1673 1613 266.119
1674 1666 254.766
1675 1671 140.335
1676 1498 231.381
1677 1671 163.999
1678 1056 262.816
1679 1606 297.211
1680 48 271.117
1681 1682 259.935
1682 1656 178.586
1683 1676 249.603
1684 1687 247.24
1685 1627 279.689
1686 724 213.09
1687 1682 205.7
1688 1693 186.306
1689 1627 224.766
1690 1694 212.019
1691 1688 247.817
1692 1600 317.413
1693 1694 185.409
1694 4153 144.934
1695 1693 190.263
1696 1741 194.427
1697 1836 323.483
1698 1756 247.293
1699 1777 233.131
1700 1299 220.039
1701 1750 253.511
1702 1473 251.348
1703 1704 181.439
1704 1705 165.178
1705 1704 165.178
1706 1470 155.3
1707 1063 327.658
1708 1792 244.258
1709 1028 171.069
1710 1789 312.085
1711 1709 301.953
1712 1546 294.599
1713 1712 300.452
1714 1786 186.576
1715 1037 318.859
1716 1545 313.845
1717 1755 217.015
1718 1725 178.789
1719 1727 189.998
1720 1814 245.378
1721 1780 180.631
1722 1747 131.752
1723 1706 158.416
1724 542 284.905
1725 1722 173.356
1726 1249 201.1
1727 1458 165.674
1728 1590 215.406
1729 1731 218.093
1730 1056 191.918
1731 3052 209.346
1732 1729 223.144
1733 1539 226.174
1734 1728 262.671
1735 1796 303.823
1736 1794 290.718
1737 1789 335.486
1738 1747 133.664
1739 1747 122.473
1740 1640 241.22
1741 1747 173.036
1742 1739 143.772
1743 1742 286.6
1744 1742 231.147
1745 1747 158.156
1746 1739 202.425
1747 1739 122.473
1748 1701 273.313
1749 1753 189.525
1750 1727 250.798
1751 1513 258.25
1752 1664 283.017
1753 1749 189.525
1754 1756 214.278
1755 1756 184.763
1756 1727 165.827
1757 1756 179.407
1758 1762 197.182
1759 1169 117.935
1760 1766 196.24
1761 1766 193.217
1762 1764 138.036
1763 1749 294.355
1764 1762 138.036
1765 1761 247.664
1766 1796 180.279
1767 1762 180.388
1768 1808 202.819
1769 242 280.981
1770 1465 152.035
1771 1776 281.111
1772 1325 307.345
1773 1770 181.555
1774 1465 202.099
1775 1318 218.883
1776 1476 175.234
1777 1770 175.339
1778 1784 137.298
1779 1786 162.464
1780 1785 146.837
1781 1785 193.763
1782 1780 194.487
1783 1784 252.186
1784 1778 137.298
1785 1780 146.837
1786 1779 162.464
1787 1491 176.151
1788 1546 203.968
1789 1796 192.128
1790 1796 264.215
1791 1796 196.772
1792 1796 159.665
1793 1596 209.099
1794 1796 207.302
1795 1543 254.17
1796 1792 159.665
1797 1796 180.343
1798 1457 271.128
1799 1801 184.785
1800 1872 187.105
1801 1799 184.785
1802 1805 238.155
1803 1848 202.077
1804 741 219.587
1805 1801 197.752
1806 1841 242.26
1807 1799 244.632
1808 1836 197.184
1809 1856 213.475
1810 1809 245.192
1811 1856 237.173
1812 1808 248.241
1813 1814 274.793
1814 1808 207.173
1815 1822 302.316
1816 898 259.506
1817 1841 278.275
1818 1596 288.284
1819 1838 289.733
1820 1826 172.687
1821 1728 254.69
1822 1886 261.542
1823 1826 213.599
1824 1820 209.285
1825 1820 175.941
1826 1820 172.687
1827 1052 259.847
1828 1832 189.95
1829 1865 193.917
1830 1828 204.611
1831 1828 247.194
1832 1828 189.95
1833 1836 246.966
1834 1832 228.817
1835 1887 316.095
1836 1808 197.184
1837 1828 194.161
1838 1840 166.181
1839 1085 295.154
1840 741 164.243
1841 1840 173.644
1842 1965 227.703
1843 1844 205.853
1844 984 192.969
1845 1841 208.488
1846 1840 172.83
1847 1849 151.784
1848 1856 188.859
1849 1847 151.784
1850 1855 158.591
1851 1849 300.939
1852 1849 193.886
1853 1856 218.398
1854 1800 282.022
1855 1850 158.591
1856 1848 188.859
1857 1828 267.154
1858 1894 297.627
1859 1861 218.643
1860 708 258.656
1861 1846 205.616
1862 960 184.93
1863 3097 185.787
1864 1832 206.37
1865 1829 193.917
1866 1894 303.123
1867 4415 317.841
1868 1873 214.652
1869 1871 224.383
1870 1871 207.057
1871 1873 180.091
1872 1800 187.105
1873 1871 180.091
1874 1805 236.12
1875 1856 307.776
1876 1873 189.728
1877 1872 191.129
1878 1844 235.575
1879 937 260.993
1880 1016 310.355
1881 1884 283.843
1882 1186 228.956
1883 1887 323.073
1884 1016 248.596
1885 1927 175.166
1886 1849 235.733
1887 1927 225.583
1888 1889 222.573
1889 955 184.836
1890 1846 224.752
1891 1894 211.171
1892 1665 194.359
1893 1890 226.537
1894 1891 211.171
1895 1870 224.716
1896 929 266.122
1897 1894 253.972
1898 384 281.329
1899 1907 279.127
1900 1589 325.428
1901 1255 268.303
1902 1904 284.408
1903 1902 307.107
1904 3042 236.857
1905 1304 289.746
1906 3042 269.059
1907 1899 279.127
1908 1917 230.251
1909 1917 170.864
1910 1927 227.793
1911 1965 288.798
1912 1929 202.37
1913 1909 239.592
1914 1917 207.725
1915 1239 275.913
1916 1234 317.695
1917 1909 170.864
1918 1922 189.729
1919 1922 186.722
1920 1930 270.227
1921 1924 228.628
1922 1926 166.032
1923 1374 90.4464
1924 1989 189.073
1925 1935 242.904
1926 1922 166.032
1927 1885 175.166
1928 1937 217.339
1929 1937 173.696
1930 1932 191.177
1931 1933 267.1
1932 1937 169.407
1933 1937 169.676
1934 1974 167.115
1935 1934 169.187
1936 1922 195.216
1937 1973 168.993
1938 1947 233.882
1939 1945 263.894
1940 1944 165.886
1941 1168 259.125
1942 1161 330.977
1943 3047 321.31
1944 1940 165.886
1945 1990 230.723
1946 1699 308.307
1947 1408 225.839
1948 1955 193.453
1949 1956 232.951
1950 1422 238.318
1951 1990 166.811
1952 1955 286.957
1953 1956 165.881
1954 1255 190.231
1955 1956 183.599
1956 1953 165.881
1957 1955 184.243
1958 1959 179.199
1959 1963 175.042
1960 1498 240.546
1961 4414 219.811
1962 1963 167.508
1963 1962 167.508
1964 615 260.809
1965 1539 217.257
1966 1962 182.993
1967 1669 310.915
1968 1934 172.035
1969 1968 251.995
1970 1975 192.247
1971 1256 280.116
1972 1973 258.496
1973 1976 159.007
1974 1934 167.115
1975 1973 167.24
1976 1973 159.007
1977 1206 295.147
1978 1985 218.257
1979 1983 151.893
1980 1996 280.687
1981 1358 261.569
1982 4447 252.977
1983 1979 151.893
1984 1986 169.202
1985 1978 218.257
1986 1984 169.202
1987 666 289.194
1988 4484 174.644
1989 1994 177.029
1990 1951 166.811
1991 4484 162.885
1992 1160 189.518
1993 1992 216.67
1994 1922 171.623
1995 1990 169.88
1996 1995 197.397
1997 1990 177.329
1998 2052 174.889
1999 2050 164.932
2000 2006 112.604
2001 2006 164.99
2002 4051 193.181
2003 2004 244.495
2004 2002 202.063
2005 2007 201.127
2006 2000 112.604
2007 2005 201.127
2008 2010 142.471
2009 1998 185.447
2010 2013 125.278
2011 2008 273.232
2012 2010 129.761
2013 2010 125.278
2014 2009 304.178
2015 2013 214.823
2016 2012 226.622
2017 2008 260.008
2018 2020 185.001
2019 2021 177.7
2020 2027 153.365
2021 2067 159.013
2022 2234 172.155
2023 2027 292.547
2024 2234 238.088
2025 2470 216.749
2026 2027 157.774
2027 2020 153.365
2028 2037 184.197
2029 2035 213.143
2030 642 223.016
2031 2032 217.869
2032 2031 217.869
2033 2037 112.5
2034 2031 238.655
2035 2068 184.46
2036 2062 298.757
2037 2033 112.5
2038 2067 282.602
2039 4487 253.478
2040 4771 193.957
2041 2040 233.791
2042 2626 294.877
2043 2480 160.982
2044 2052 225.402
2045 2000 175.957
2046 2045 207.658
2047 2051 196.573
2048 4055 238.305
2049 2045 221.024
2050 1999 164.932
2051 2047 196.573
2052 1998 174.889
2053 2059 174.338
2054 2053 203.242
2055 2053 251.566
2056 2053 185.8
2057 2359 170.804
2058 2125 178.744
2059 2836 166.46
2060 2053 188.924
2061 2388 205.174
2062 2161 194.711
2063 2109 153.415
2064 2067 187.791
2065 2071 258.329
2066 2069 255.221
2067 2021 159.013
2068 2106 145.38
2069 2066 255.221
2070 2728 185.552
2071 2109 190.178
2072 2068 238.257
2073 2158 254.66
2074 4866 310.724
2075 2081 249.329
2076 2570 248.757
2077 2359 264.292
2078 2798 162.478
2079 2078 208.571
2080 2374 315.957
2081 2075 249.329
2082 2092 224.991
2083 2085 123.183
2084 2129 206.266
2085 2083 123.183
2086 2083 187.715
2087 2170 265.895
2088 2085 150.962
2089 2479 268.307
2090 2083 192.249
2091 2088 153.951
2092 2085 170.128
2093 2112 151.438
2094 139 278.05
2095 2099 149.236
2096 2118 257.457
2097 2141 162.216
2098 2509 157.623
2099 2083 132.391
2100 2269 130.548
2101 2097 238.385
2102 2270 195.58
2103 2070 220.078
2104 2068 254.819
2105 2110 156.135
2106 2068 145.38
2107 2295 57.6476
2108 2072 283.739
2109 2085 147.043
2110 2105 156.135
2111 2112 164.069
2112 2093 151.438
2113 2168 190.42
2114 2628 180.911
2115 2119 185.843
2116 2122 198.662
2117 2912 220.227
2118 2119 247.905
2119 2115 185.843
2120 2497 186.378
2121 2120 192.327
2122 2113 191.059
2123 2083 160.913
2124 2132 111.822
2125 2058 178.744
2126 2168 167.836
2127 2143 108.308
2128 2132 114.73
2129 2128 132.135
2130 2339 116.97
2131 2128 231.87
2132 2124 111.822
2133 2138 173.981
2134 871 263.872
2135 2138 209.087
2136 2141 170.453
2137 2133 239.099
2138 2133 173.981
2139 2140 254.661
2140 2141 140.294
2141 2140 140.294
2142 2130 238.557
2143 2146 94.7718
2144 2021 165.199
2145 2203 240.454
2146 2143 94.7718
2147 2148 271.382
2148 2152 166.826
2149 2143 106.059
2150 2152 152.036
2151 2238 274.809
2152 2143 97.9999
2153 2914 149.244
2154 2164 122.105
2155 2154 173.788
2156 2159 156.813
2157 2170 193.307
2158 2098 213.732
2159 2154 128.615
2160 2156 207.069
2161 2062 194.711
2162 2152 204.937
2163 2692 210.958
2164 2171 111.745
2165 2169 154.605
2166 2171 163.497
2167 2110 220.4
2168 2171 144.686
2169 2165 154.605
2170 2157 193.307
2171 2164 111.745
2172 2170 236.374
2173 2178 172.314
2174 2178 165.61
2175 2174 173.821
2176 4597 273.363
2177 2224 181.621
2178 2174 165.61
2179 3996 222.486
2180 1474 277.613
2181 2880 294.075
2182 2224 217.393
2183 2218 200.359
2184 587 273.676
2185 2218 176.165
2186 2163 236.652
2187 2218 247.812
2188 2190 216.687
2189 2185 195.539
2190 2188 216.687
2191 3486 278.883
2192 2218 279.574
2193 2217 276.667
2194 2533 298.55
2195 2537 109.055
2196 2218 203.018
2197 2893 309.834
2198 2183 313.843
2199 2218 315.198
2200 2348 291.561
2201 2226 270.015
2202 4847 307.588
2203 2228 229.434
2204 2263 246.314
2205 3268 295.13
2206 2264 181.611
2207 2210 128.25
2208 3300 145.676
2209 2020 233.741
2210 2207 128.25
2211 3222 218.385
2212 2210 224.429
2213 4564 238.677
2214 4702 217.951
2215 2565 208.951
2216 2236 239.182
2217 2218 197.9
2218 2185 176.165
2219 2218 198.722
2220 2218 198.762
2221 2229 199.826
2222 2236 270.451
2223 2232 269.319
2224 2177 181.621
2225 4838 159.515
2226 2227 223.77
2227 2228 196.169
2228 2225 182.791
2229 2228 188.128
2230 2229 223.497
2231 2223 282.908
2232 2313 184.578
2233 2207 205.125
2234 2022 172.155
2235 2236 249.13
2236 2220 230.25
2237 2236 243.236
2238 4635 233.457
2239 3222 219.297
2240 2236 295.721
2241 3472 216.71
2242 2207 250.77
2243 3493 259.244
2244 2313 287.695
2245 2247 241.733
2246 2008 224.271
2247 3273 172.088
2248 2550 286.958
2249 2182 294.72
2250 3503 286.232
2251 2257 222.288
2252 2226 260.233
2253 4276 292.955
2254 4226 274.599
2255 2257 267.305
2256 2503 314.842
2257 2552 202.167
2258 2265 148.789
2259 3483 221.453
2260 2261 265.807
2261 2258 200.128
2262 2265 172.416
2263 2265 179.592
2264 2265 162.348
2265 2258 148.789
2266 2265 287.731
2267 3299 172.864
2268 2338 283.214
2269 2100 130.548
2270 2347 162.048
2271 2099 222.555
2272 2277 193.196
2273 2124 166.367
2274 2912 144.72
2275 2277 179.122
2276 2277 182.862
2277 2312 138.065
2278 2551 242.658
2279 2272 236.397
2280 2281 233.559
2281 2344 227.999
2282 2516 207.524
2283 2342 246.528
2284 2702 201.768
2285 2709 240.313
2286 2842 293.4
2287 2285 297.992
2288 2284 217.018
2289 2352 307.302
2290 2298 193.228
2291 2298 300.997
2292 2297 266.147
2293 2296 148.082
2294 2352 278.827
2295 2107 57.6476
2296 2293 148.082
2297 2298 197.884
2298 2290 193.228
2299 2305 159.404
2300 2305 174.626
2301 2299 194.412
2302 2308 227.88
2303 2305 152.952
2304 2307 166.201
2305 2335 151.229
2306 2337 153.518
2307 2304 166.201
2308 2335 162.788
2309 2609 183.712
2310 2692 184.142
2311 2310 292.704
2312 2277 138.065
2313 2232 184.578
2314 2697 158.579
2315 2232 263.656
2316 2439 116.953
2317 2303 169.983
2318 2270 200.095
2319 2325 194.072
2320 2902 150.541
2321 2326 162.774
2322 2907 270.67
2323 2326 265.22
2324 2326 186.319
2325 2274 185.717
2326 2321 162.774
2327 2324 260.327
2328 2324 206.562
2329 2335 184.113
2330 2335 136.192
2331 2335 154.844
2332 2688 180.591
2333 2330 241.257
2334 2335 123.023
2335 2334 123.023
2336 2642 192.517
2337 2306 153.518
2338 2692 212.365
2339 2130 116.97
2340 2301 231.228
2341 2138 246.173
2342 2347 143.712
2343 2300 216.119
2344 2342 219.674
2345 4865 218.301
2346 2306 193.989
2347 2339 124.473
2348 2347 190.072
2349 2273 185.224
2350 2330 302.862
2351 2337 227.41
2352 3671 208.857
2353 2277 232.56
