0 1 0.211311
1 8 0.195161
2 768 0.237622
3 34 0.28045
4 0 0.233465
5 57 0.300152
6 302 0.405439
7 1 0.213438
8 1 0.195161
9 48 0.206575
10 18 0.217861
11 96 0.222834
12 521 0.222013
13 2874 0.237637
14 18 0.222147
15 10 0.367282
16 12 0.242583
17 18 0.260334
18 51 0.211109
19 85 0.435188
20 232 0.197472
21 29 0.209018
22 62 0.211985
23 482 0.339621
24 60 0.15877
25 20 0.240856
26 0 0.220662
27 28 0.272415
28 463 0.219851
29 20 0.201277
30 32 0.227546
31 626 0.228854
32 30 0.227546
33 38 0.240623
34 38 0.185756
35 32 0.263234
36 70 0.214139
37 71 0.237869
38 34 0.185756
39 34 0.22299
40 47 0.237809
41 48 0.182036
42 76 0.283124
43 40 0.295655
44 47 0.192155
45 47 0.216759
46 41 0.187683
47 68 0.178561
48 766 0.179079
49 45 0.219986
50 59 0.233612
51 751 0.190839
52 59 0.208493
53 57 0.229168
54 966 0.309896
55 59 0.217584
56 14 0.303971
57 59 0.182933
58 51 0.231353
59 599 0.177988
60 24 0.15877
61 30 0.296135
62 22 0.211985
63 62 0.318874
64 68 0.17536
65 81 0.182718
66 106 0.321478
67 64 0.220809
68 64 0.17536
69 60 0.184128
70 78 0.19124
71 73 0.155897
72 77 0.219691
73 74 0.145699
74 73 0.145699
75 76 0.194341
76 75 0.194341
77 72 0.219691
78 71 0.185568
79 76 0.223576
80 143 0.226841
81 98 0.147934
82 89 0.199254
83 313 0.225587
84 81 0.2711
85 88 0.245511
86 28 0.242278
87 88 0.184368
88 87 0.184368
89 88 0.184579
90 93 0.185804
91 143 0.209186
92 94 0.239882
93 94 0.163726
94 93 0.163726
95 67 0.224821
96 93 0.210532
97 829 0.173129
98 81 0.147934
99 72 0.300172
100 808 0.373184
101 109 0.228142
102 472 0.27137
103 108 0.18866
104 51 0.26099
105 286 0.326772
106 170 0.305419
107 792 0.242273
108 103 0.18866
109 108 0.218263
110 116 0.198774
111 115 0.21098
112 430 0.329324
113 118 0.206884
114 118 0.223112
115 111 0.21098
116 110 0.198774
117 700 0.207848
118 116 0.199712
119 393 0.208403
120 173 0.33917
121 125 0.258991
122 178 0.266961
123 850 0.266535
124 249 0.321804
125 126 0.220434
126 169 0.217553
127 181 0.220956
128 127 0.273275
129 125 0.256318
130 134 0.163299
131 130 0.384578
132 831 0.268978
133 128 0.321285
134 130 0.163299
135 107 0.25954
136 134 0.245647
137 240 0.24364
138 410 0.248038
139 146 0.301753
140 149 0.215556
141 118 0.281723
142 265 0.229287
143 65 0.186564
144 838 0.19094
145 144 0.338221
146 64 0.2242
147 47 0.214384
148 265 0.185622
149 144 0.208993
150 155 0.289824
151 926 0.294859
152 79 0.267748
153 155 0.263029
154 79 0.373426
155 610 0.253604
156 157 0.259218
157 156 0.259218
158 127 0.32974
159 38 0.249113
160 744 0.362613
161 478 0.249424
162 196 0.221044
163 750 0.246372
164 166 0.223415
165 129 0.420795
166 164 0.223415
167 166 0.233881
168 169 0.298798
169 126 0.217553
170 172 0.202027
171 177 0.191022
172 895 0.190127
173 175 0.332578
174 150 0.340702
175 179 0.206587
176 895 0.197089
177 171 0.191022
178 65 0.204681
179 175 0.206587
180 87 0.189724
181 127 0.220956
182 143 0.250831
183 189 0.296124
184 751 0.212981
185 521 0.281498
186 836 0.220025
187 2675 0.327917
188 140 0.256412
189 178 0.263793
190 33 0.284714
191 396 0.222745
192 199 0.3352
193 197 0.383198
194 197 0.276011
195 177 0.326811
196 162 0.221044
197 196 0.250531
198 591 0.325361
199 143 0.25531
200 207 0.208925
201 206 0.168667
202 214 0.187521
203 200 0.23721
204 207 0.216386
205 224 0.283385
206 201 0.168667
207 200 0.208925
208 513 0.18434
209 483 0.22814
210 1538 0.194641
211 235 0.228109
212 219 0.166587
213 663 0.295508
214 216 0.153802
215 219 0.213317
216 219 0.153066
217 408 0.149404
218 219 0.171903
219 216 0.153066
220 415 0.191721
221 223 0.233082
222 239 0.215654
223 228 0.195867
224 280 0.17496
225 915 0.154776
226 228 0.19087
227 517 0.220393
228 226 0.19087
229 915 0.233489
230 231 0.300317
231 239 0.174063
232 20 0.197472
233 351 0.193352
234 235 0.179316
235 234 0.179316
236 262 0.186834
237 262 0.172917
238 231 0.201308
239 231 0.174063
240 241 0.208408
241 240 0.208408
242 247 0.229251
243 413 0.180893
244 216 0.223595
245 241 0.292257
246 245 0.303219
247 855 0.175249
248 242 0.375924
249 2798 0.259347
250 253 0.178252
251 250 0.266977
252 253 0.215058
253 237 0.176238
254 595 0.252815
255 643 0.443672
256 253 0.206272
257 769 0.200981
258 383 0.19101
259 445 0.159634
260 264 0.344714
261 262 0.234733
262 267 0.156708
263 775 0.310465
264 262 0.157725
265 262 0.159557
266 90 0.256025
267 262 0.156708
268 256 0.265593
269 126 0.256699
270 275 0.282054
271 212 0.173259
272 276 0.242753
273 351 0.185173
274 898 0.213745
275 239 0.224592
276 278 0.184519
277 219 0.209925
278 276 0.184519
279 278 0.269741
280 224 0.17496
281 125 0.286066
282 288 0.211611
283 285 0.313851
284 265 0.254226
285 265 0.219758
286 285 0.232344
287 2705 0.33472
288 280 0.196443
289 281 0.299317
290 292 0.222695
291 299 0.279628
292 271 0.205966
293 413 0.294881
294 216 0.324016
295 292 0.239208
296 201 0.220508
297 204 0.231102
298 292 0.24365
299 237 0.217795
300 305 0.186705
301 300 0.286906
302 6 0.405439
303 785 0.298667
304 307 0.222093
305 300 0.186705
306 300 0.236653
307 360 0.208227
308 307 0.223228
309 300 0.237422
310 323 0.189245
311 310 0.224765
312 310 0.295922
313 319 0.183116
314 191 0.38707
315 319 0.293007
316 313 0.209944
317 313 0.304311
318 316 0.232039
319 313 0.183116
320 705 0.164769
321 325 0.159294
322 325 0.189729
323 350 0.138705
324 320 0.288031
325 321 0.159294
326 323 0.238415
327 321 0.169442
328 321 0.165343
329 841 0.326127
330 301 0.367148
331 332 0.258472
332 334 0.16156
333 332 0.221149
334 332 0.16156
335 339 0.182477
336 334 0.221414
337 332 0.206007
338 1250 0.365386
339 335 0.182477
340 345 0.163666
341 342 0.256731
342 349 0.155134
343 342 0.182152
344 345 0.155814
345 344 0.155814
346 349 0.249534
347 464 0.19591
348 846 0.318101
349 342 0.155134
350 323 0.138705
351 350 0.161392
352 856 0.213261
353 355 0.146702
354 353 0.160201
355 353 0.146702
356 469 0.224288
357 351 0.173665
358 351 0.219142
359 354 0.209147
360 604 0.136342
361 3067 0.267509
362 363 0.218228
363 360 0.193008
364 368 0.203033
365 360 0.172783
366 364 0.203651
367 754 0.171148
368 364 0.203033
369 628 0.195272
370 424 0.301708
371 258 0.279583
372 376 0.192565
373 913 0.209335
374 1862 0.362408
375 913 0.190465
376 962 0.186933
377 379 0.161062
378 372 0.194098
379 377 0.161062
380 325 0.161295
381 386 0.181711
382 386 0.34432
383 258 0.19101
384 380 0.212596
385 380 0.243462
386 380 0.161505
387 453 0.264048
388 919 0.259431
389 385 0.274781
390 392 0.186461
391 394 0.226485
392 399 0.177735
393 399 0.136455
394 395 0.170371
395 394 0.170371
396 191 0.222745
397 393 0.156228
398 390 0.209023
399 393 0.136455
400 407 0.192529
401 403 0.204799
402 408 0.196393
403 414 0.148753
404 346 0.264746
405 402 0.202892
406 402 0.211389
407 400 0.192529
408 217 0.149404
409 483 0.199109
410 415 0.187405
411 471 0.175999
412 702 0.218584
413 431 0.16846
414 403 0.148753
415 414 0.16488
416 414 0.172517
417 468 0.172844
418 468 0.169574
419 417 0.230161
420 429 0.237653
421 427 0.20217
422 429 0.250608
423 434 0.178486
424 429 0.167182
425 424 0.254629
426 429 0.217834
427 423 0.190421
428 703 0.25869
429 473 0.165303
430 734 0.196351
431 413 0.16846
432 405 0.274788
433 437 0.357409
434 439 0.16385
435 431 0.213102
436 146 0.305051
437 400 0.255611
438 434 0.215866
439 434 0.16385
440 456 0.273604
441 449 0.165146
442 449 0.297021
443 427 0.260789
444 446 0.505613
445 259 0.159634
446 963 0.21982
447 485 0.196124
448 441 0.179402
449 441 0.165146
450 456 0.175248
451 456 0.20734
452 456 0.204281
453 435 0.252947
454 86 0.271226
455 305 0.26665
456 493 0.173562
457 450 0.184957
458 456 0.210202
459 2501 0.244326
460 463 0.205537
461 463 0.220808
462 217 0.153498
463 464 0.159743
464 469 0.149291
465 464 0.236227
466 1509 0.352146
467 463 0.217656
468 469 0.152981
469 464 0.149291
470 473 0.241987
471 411 0.175999
472 476 0.256647
473 429 0.165303
474 426 0.219954
475 473 0.235764
476 417 0.193847
477 475 0.254266
478 161 0.249424
479 417 0.204295
480 486 0.190538
481 480 0.238414
482 22 0.213205
483 487 0.157471
484 480 0.204831
485 447 0.196124
486 487 0.186887
487 483 0.157471
488 915 0.271394
489 486 0.32693
490 900 0.334463
491 499 0.193846
492 499 0.189776
493 496 0.168776
494 492 0.195747
495 3118 0.266972
496 493 0.168776
497 496 0.19979
498 499 0.218276
499 492 0.189776
500 543 0.224924
501 509 0.401446
502 455 0.386369
503 3434 0.3871
504 3392 0.266115
505 458 0.215523
506 964 0.287477
507 562 0.407679
508 505 0.224934
509 504 0.297571
510 517 0.217293
511 510 0.244081
512 207 0.259114
513 208 0.18434
514 515 0.244032
515 514 0.244032
516 513 0.226238
517 510 0.217293
518 514 0.247199
519 391 0.271292
520 525 0.221904
521 12 0.222013
522 524 0.202295
523 541 0.326385
524 522 0.202295
525 520 0.221904
526 525 0.239771
527 16 0.387827
528 529 0.246904
529 257 0.217351
530 532 0.271599
531 539 0.20927
532 17 0.260796
533 322 0.210524
534 567 0.179353
535 533 0.267804
536 322 0.226404
537 500 0.394584
538 533 0.284162
539 531 0.20927
540 547 0.155422
541 728 0.220091
542 231 0.174166
543 546 0.212079
544 548 0.279482
545 546 0.290759
546 542 0.191813
547 540 0.155422
548 542 0.187082
549 540 0.230321
550 538 0.327887
551 1697 0.202437
552 579 0.309986
553 1697 0.206637
554 1836 0.284388
555 534 0.30351
556 711 0.277174
557 584 0.369142
558 1697 0.3015
559 520 0.275685
560 339 0.274263
561 562 0.195071
562 567 0.179847
563 759 0.256525
564 560 0.293276
565 337 0.222882
566 562 0.314334
567 534 0.179353
568 1762 0.249229
569 534 0.262398
570 1560 0.220855
571 578 0.280447
572 577 0.204537
573 578 0.219577
574 578 0.207971
575 578 0.245476
576 578 0.19563
577 542 0.194376
578 576 0.19563
579 756 0.231724
580 1544 0.206812
581 585 0.280889
582 580 0.240902
583 59 0.23912
584 1542 0.237527
585 586 0.227542
586 589 0.222175
587 951 0.231954
588 584 0.362329
589 586 0.222175
590 592 0.306026
591 539 0.257289
592 599 0.158076
593 313 0.274324
594 590 0.336541
595 254 0.252815
596 595 0.260107
597 1677 0.273666
598 576 0.275234
599 592 0.158076
600 604 0.164442
601 435 0.244166
602 600 0.246325
603 837 0.294949
604 360 0.136342
605 608 0.209798
606 604 0.214491
607 811 0.297211
608 621 0.163127
609 646 0.174541
610 614 0.216231
611 613 0.230545
612 614 0.227753
613 611 0.230545
614 687 0.205969
615 612 0.245679
616 673 0.233776
617 144 0.249343
618 612 0.396505
619 612 0.233253
620 626 0.226233
621 608 0.163127
622 642 0.352493
623 626 0.21432
624 578 0.207176
625 620 0.369324
626 623 0.21432
627 373 0.332343
628 369 0.195272
629 642 0.214848
630 3121 0.240222
631 636 0.163987
632 631 0.169019
633 333 0.329316
634 635 0.254946
635 636 0.237325
636 631 0.163987
637 636 0.204644
638 3109 0.205099
639 650 0.278416
640 646 0.193478
641 647 0.195877
642 648 0.213505
643 649 0.288352
644 334 0.261879
645 647 0.177363
646 609 0.174541
647 379 0.17154
648 642 0.213505
649 379 0.209434
650 355 0.191792
651 650 0.206685
652 109 0.219254
653 654 0.217322
654 653 0.217322
655 993 0.309267
656 726 0.231896
657 632 0.246862
658 669 0.37045
659 631 0.225805
660 665 0.241878
661 665 0.243519
662 665 0.174765
663 72 0.219757
664 781 0.3415
665 662 0.174765
666 1556 0.258516
667 665 0.219158
668 665 0.230056
669 635 0.326703
670 677 0.219138
671 679 0.203457
672 677 0.315653
673 677 0.171476
674 677 0.235968
675 258 0.309753
676 685 0.241429
677 673 0.171476
678 1075 0.227035
679 671 0.203457
680 687 0.270902
681 684 0.168811
682 685 0.332897
683 673 0.290469
684 681 0.168811
685 687 0.161459
686 684 0.297717
687 685 0.161459
688 685 0.215464
689 688 0.258225
690 598 0.308417
691 696 0.211752
692 696 0.203047
693 1369 0.218485
694 696 0.188904
695 3029 0.233747
696 694 0.188904
697 698 0.21706
698 697 0.21706
699 692 0.232608
700 704 0.163154
701 706 0.16148
702 706 0.14025
703 705 0.247223
704 700 0.163154
705 320 0.164769
706 702 0.14025
707 397 0.191712
708 704 0.22535
709 636 0.2333
710 711 0.289954
711 750 0.254069
712 713 0.316299
713 712 0.316299
714 3249 0.370546
715 756 0.271797
716 711 0.262498
717 719 0.322314
718 3096 0.346373
719 3248 0.293968
720 1350 0.234203
721 2862 0.334041
722 738 0.213991
723 702 0.163778
724 723 0.16618
725 723 0.191143
726 3103 0.163897
727 723 0.223669
728 723 0.177691
729 723 0.34159
730 295 0.294428
731 724 0.272394
732 3129 0.266301
733 736 0.17396
734 430 0.196351
735 741 0.149036
736 706 0.165863
737 3136 0.319436
738 735 0.186307
739 747 0.184753
740 735 0.280741
741 735 0.149036
742 745 0.188051
743 746 0.196221
744 747 0.221342
745 746 0.161542
746 745 0.161542
747 766 0.171714
748 749 0.221397
749 746 0.200609
750 115 0.23749
751 746 0.183029
752 754 0.226289
753 759 0.401152
754 758 0.161985
755 70 0.283972
756 70 0.202892
757 754 0.215448
758 754 0.161985
759 754 0.192233
760 355 0.175
761 758 0.210016
762 766 0.189655
763 791 0.178647
764 728 0.214996
765 769 0.207954
766 701 0.161941
767 529 0.236238
768 762 0.191795
769 350 0.148168
770 766 0.195507
771 766 0.173944
772 779 0.189596
773 876 0.249201
774 877 0.297718
775 779 0.202705
776 781 0.388516
777 779 0.207293
778 762 0.376293
779 876 0.186374
780 779 0.218106
781 775 0.2711
782 784 0.158899
783 785 0.186736
784 782 0.158899
785 782 0.162532
786 785 0.193753
787 786 0.313494
788 747 0.236828
789 784 0.159501
790 355 0.156009
791 789 0.17628
792 107 0.242273
793 797 0.190094
794 806 0.251809
795 819 0.28682
796 798 0.386247
797 793 0.190094
798 797 0.231819
799 858 0.270463
800 792 0.316038
801 799 0.335901
802 805 0.357547
803 805 0.179742
804 1027 0.201297
805 803 0.179742
806 803 0.199461
807 838 0.211356
808 807 0.271606
809 803 0.180174
810 807 0.347854
811 803 0.199574
812 853 0.216619
813 817 0.285614
814 817 0.26097
815 817 0.206621
816 817 0.183885
817 816 0.183885
818 792 0.292945
819 815 0.226508
820 1262 0.31833
821 818 0.32406
822 1370 0.325231
823 853 0.194101
824 803 0.217716
825 828 0.225145
826 828 0.272397
827 2666 0.216648
828 829 0.203409
829 830 0.164442
830 829 0.164442
831 276 0.191347
832 839 0.210444
833 841 0.198364
834 839 0.312358
835 839 0.218017
836 51 0.210106
837 841 0.203444
838 144 0.19094
839 841 0.173111
840 839 0.232393
841 839 0.173111
842 284 0.343093
843 851 0.229246
844 879 0.231522
845 843 0.407479
846 256 0.254525
847 850 0.215374
848 940 0.280454
849 2643 0.198174
850 847 0.215374
851 999 0.22174
852 859 0.196493
853 858 0.163673
854 853 0.208314
855 859 0.166995
856 855 0.184569
857 858 0.251637
858 1991 0.161855
859 855 0.166995
860 855 0.20517
861 936 0.171153
862 992 0.226162
863 109 0.297848
864 600 0.296698
865 866 0.392477
866 984 0.247758
867 2575 0.333632
868 866 0.326609
869 862 0.226903
870 600 0.218247
871 608 0.32504
872 875 0.232532
873 875 0.179038
874 873 0.234863
875 873 0.179038
876 779 0.186374
877 1562 0.249354
878 881 0.287431
879 875 0.207163
880 219 0.206104
881 853 0.16947
882 888 0.208117
883 882 0.247444
884 960 0.254449
885 890 0.204299
886 891 0.261244
887 854 0.388462
888 882 0.208117
889 888 0.272083
890 885 0.204299
891 1731 0.215263
892 897 0.253467
893 898 0.197467
894 384 0.280054
895 898 0.164444
896 223 0.215871
897 962 0.240637
898 895 0.164444
899 980 0.283084
900 895 0.222472
901 974 0.329883
902 905 0.22736
903 726 0.205168
904 2016 0.273036
905 962 0.158116
906 210 0.236275
907 909 0.372861
908 981 0.226979
909 711 0.279284
910 905 0.198524
911 2646 0.281799
912 913 0.194295
913 375 0.190465
914 916 0.203338
915 225 0.154776
916 914 0.203338
917 379 0.258708
918 916 0.235073
919 388 0.259431
920 204 0.285381
921 364 0.229958
922 924 0.203289
923 2719 0.216063
924 922 0.203289
925 922 0.271376
926 2572 0.244185
927 924 0.376748
928 318 0.260769
929 976 0.301553
930 2671 0.264782
931 924 0.299916
932 829 0.204664
933 2658 0.171898
934 933 0.223186
935 138 0.309922
936 861 0.171153
937 932 0.369351
938 934 0.24945
939 962 0.190668
940 933 0.218035
941 855 0.178737
942 944 0.256256
943 3933 0.231844
944 2573 0.173263
945 946 0.269229
946 949 0.112778
947 923 0.50251
948 950 0.490061
949 946 0.112778
950 3880 0.394508
951 587 0.231954
952 973 0.311369
953 988 0.295169
954 958 0.238823
955 819 0.313722
956 961 0.154709
957 114 0.278793
958 910 0.207969
959 2177 0.177986
960 707 0.212988
961 956 0.154709
962 905 0.158116
963 970 0.179702
964 1685 0.156363
965 492 0.294818
966 962 0.237878
967 458 0.254447
968 964 0.283545
969 966 0.256101
970 963 0.179702
971 962 0.229669
972 199 0.267182
973 979 0.209113
974 981 0.221168
975 981 0.162208
976 980 0.236702
977 939 0.334458
978 974 0.334654
979 973 0.209113
980 915 0.181352
981 975 0.162208
982 983 0.305193
983 984 0.268525
984 987 0.236058
985 983 0.363326
986 715 0.296139
987 893 0.230767
988 910 0.250845
989 333 0.301888
990 984 0.267704
991 885 0.311235
992 862 0.226162
993 640 0.260348
994 998 0.331872
995 2655 0.261781
996 998 0.382641
997 995 0.263144
998 1015 0.237797
999 851 0.22174
1000 1793 0.235774
1001 2411 0.285994
1002 817 0.316149
1003 1008 0.266814
1004 1011 0.241534
1005 1960 0.260681
1006 816 0.264256
1007 1011 0.244677
1008 1003 0.266814
1009 1683 0.195171
1010 793 0.358613
1011 1020 0.211291
1012 828 0.204448
1013 1012 0.211228
1014 1016 0.180923
1015 998 0.237797
1016 1014 0.180923
1017 804 0.21647
1018 825 0.250899
1019 1012 0.214725
1020 1047 0.20983
1021 1014 0.203671
1022 1027 0.237684
1023 1303 0.217488
1024 1027 0.23431
1025 1036 0.279374
1026 1022 0.351259
1027 804 0.201297
1028 678 0.22835
1029 1304 0.247664
1030 1350 0.26258
1031 1049 0.268683
1032 1013 0.228141
1033 1034 0.218387
1034 1041 0.216659
1035 1034 0.231811
1036 1020 0.214019
1037 1040 0.336247
1038 1604 0.25049
1039 1034 0.219124
1040 1036 0.284958
1041 1034 0.216659
1042 1044 0.191838
1043 1047 0.192555
1044 1042 0.191838
1045 1043 0.215802
1046 1047 0.290136
1047 1043 0.192555
1048 1065 0.32678
1049 1031 0.268683
1050 1044 0.285072
1051 1045 0.329842
1052 688 0.284906
1053 1059 0.247325
1054 1346 0.247024
1055 1068 0.213174
1056 1059 0.237783
1057 1102 0.243597
1058 1034 0.320042
1059 1033 0.219175
1060 1054 0.336252
1061 1350 0.296889
1062 1070 0.297643
1063 1067 0.341464
1064 1070 0.387445
1065 1070 0.293589
1066 1295 0.377345
1067 1039 0.275412
1068 1055 0.213174
1069 1342 0.299521
1070 1047 0.25654
1071 1306 0.293806
1072 1773 0.221103
1073 1079 0.315055
1074 1773 0.237703
1075 678 0.227035
1076 1655 0.216241
1077 1080 0.273148
1078 1828 0.270604
1079 1080 0.20762
1080 1079 0.20762
1081 1080 0.233733
1082 4049 0.283972
1083 1085 0.25123
1084 1087 0.38546
1085 1083 0.25123
1086 4076 0.307246
1087 1353 0.283844
1088 1072 0.320531
1089 1267 0.349648
1090 1082 0.345245
1091 1093 0.26408
1092 1095 0.252309
1093 1095 0.234294
1094 1079 0.354852
1095 1098 0.203833
1096 1095 0.296693
1097 1122 0.301583
1098 1095 0.203833
1099 1095 0.251299
1100 1621 0.293128
1101 2463 0.299634
1102 1109 0.205596
1103 1501 0.279173
1104 1588 0.295835
1105 2093 0.297965
1106 1511 0.34894
1107 1102 0.296666
1108 1813 0.223672
1109 1102 0.205596
1110 1397 0.283224
1111 1112 0.264648
1112 1793 0.259871
1113 1112 0.275919
1114 1112 0.375818
1115 1119 0.264252
1116 1119 0.266279
1117 1118 0.254052
1118 1117 0.254052
1119 1115 0.264252
1120 1119 0.302623
1121 1124 0.204573
1122 1124 0.244802
1123 1122 0.259031
1124 1121 0.204573
1125 1110 0.323768
1126 1124 0.227123
1127 1130 0.241893
1128 1124 0.262597
1129 2311 0.246206
1130 1127 0.241893
1131 1032 0.284686
1132 1135 0.280709
1133 1440 0.329125
1134 1441 0.153351
1135 1438 0.216158
1136 1608 0.351021
1137 1127 0.394151
1138 1127 0.354532
1139 1386 0.302897
1140 1198 0.308127
1141 1148 0.232428
1142 1187 0.309553
1143 2210 0.32344
1144 1523 0.327349
1145 1141 0.267449
1146 2234 0.280878
1147 2146 0.259775
1148 1141 0.232428
1149 1328 0.248104
1150 1579 0.268314
1151 1155 0.372716
1152 1160 0.278683
1153 1154 0.33138
1154 1402 0.250531
1155 1664 0.338772
1156 1158 0.242328
1157 2235 0.220514
1158 1156 0.242328
1159 1908 0.348405
1160 1149 0.264919
1161 1165 0.22129
1162 1655 0.141
1163 1165 0.216737
1164 1166 0.339419
1165 1166 0.198231
1166 1167 0.177731
1167 1166 0.177731
1168 1165 0.329919
1169 1166 0.251209
1170 1121 0.290312
1171 1176 0.278584
1172 1019 0.275211
1173 2509 0.269917
1174 2475 0.328607
1175 1172 0.276049
1176 1718 0.255192
1177 2516 0.347784
1178 1750 0.220511
1179 1373 0.24315
1180 1109 0.234491
1181 1621 0.393963
1182 1187 0.248898
1183 1180 0.271663
1184 1187 0.2063
1185 1402 0.309522
1186 1184 0.273595
1187 1184 0.2063
1188 1172 0.314146
1189 1184 0.258218
1190 1250 0.224201
1191 1279 0.301478
1192 1412 0.245694
1193 1194 0.322732
1194 1197 0.211004
1195 1194 0.238029
1196 2576 0.252944
1197 1194 0.211004
1198 1789 0.299182
1199 1194 0.31746
1200 1921 0.354056
1201 1206 0.253172
1202 3640 0.277413
1203 4096 0.275767
1204 1786 0.337867
1205 1917 0.249434
1206 3826 0.229592
1207 1285 0.299537
1208 1933 0.32896
1209 1924 0.321188
1210 1778 0.321436
1211 1235 0.403267
1212 1779 0.215103
1213 1216 0.197705
1214 1219 0.192398
1215 1282 0.339719
1216 1219 0.18775
1217 1783 0.232569
1218 1214 0.301155
1219 1216 0.18775
1220 1224 0.27807
1221 1227 0.204729
1222 1254 0.355564
1223 1237 0.311844
1224 1220 0.27807
1225 1229 0.270197
1226 1436 0.37
1227 1221 0.204729
1228 1229 0.273425
1229 1225 0.270197
1230 1235 0.318567
1231 1587 0.342677
1232 1478 0.336157
1233 1238 0.248454
1234 1248 0.246704
1235 1238 0.311188
1236 1412 0.262196
1237 1233 0.290944
1238 1233 0.248454
1239 1268 0.350371
1240 3104 0.322351
1241 1247 0.373639
1242 4021 0.32496
1243 1249 0.308504
1244 3835 0.238135
1245 1706 0.258781
1246 3826 0.306909
1247 1249 0.227837
1248 1234 0.246704
1249 1247 0.227837
1250 1190 0.224201
1251 1258 0.264751
1252 1253 0.319575
1253 1303 0.239806
1254 653 0.265202
1255 1797 0.356939
1256 1301 0.216813
1257 1258 0.190062
1258 1257 0.190062
1259 1921 0.266464
1260 1206 0.231015
1261 1268 0.275571
1262 1003 0.271318
1263 1225 0.279901
1264 1270 0.267476
1265 1266 0.308245
1266 1269 0.202747
1267 1260 0.274867
1268 1261 0.275571
1269 1266 0.202747
1270 1264 0.267476
1271 1264 0.285081
1272 1467 0.4101
1273 1278 0.287743
1274 1939 0.355881
1275 3835 0.345247
1276 1201 0.38051
1277 1260 0.262457
1278 1273 0.287743
1279 1191 0.301478
1280 1288 0.263045
1281 1288 0.289525
1282 1287 0.275237
1283 1277 0.27696
1284 3826 0.22604
1285 1207 0.299537
1286 1398 0.209705
1287 1214 0.224922
1288 1280 0.263045
1289 1945 0.325908
1290 209 0.279612
1291 1294 0.269959
1292 1298 0.312109
1293 1335 0.274094
1294 1302 0.216706
1295 1296 0.260368
1296 1295 0.260368
1297 1892 0.146771
1298 1292 0.312109
1299 1400 0.335847
1300 1307 0.203942
1301 1307 0.191825
1302 1294 0.216706
1303 1412 0.188109
1304 1307 0.200436
1305 1329 0.325461
1306 696 0.228676
1307 1301 0.191825
1308 1041 0.298876
1309 1307 0.224737
1310 1311 0.116634
1311 1310 0.116634
1312 1313 0.096602
1313 1312 0.096602
1314 1311 0.337165
1315 1318 0.197898
1316 359 0.210197
1317 2176 0.195181
1318 1368 0.197297
1319 1318 0.300936
1320 1318 0.234539
1321 1318 0.259956
1322 1316 0.263611
1323 2176 0.192415
1324 1318 0.229625
1325 1333 0.235162
1326 1331 0.341466
1327 1384 0.323548
1328 1149 0.248104
1329 1315 0.280538
1330 1332 0.251593
1331 1333 0.269379
1332 1330 0.251593
1333 1325 0.235162
1334 1807 0.246212
1335 1336 0.224336
1336 1340 0.19417
1337 1344 0.270078
1338 1342 0.263243
1339 1675 0.299321
1340 1336 0.19417
1341 369 0.308674
1342 1335 0.233657
1343 1336 0.223875
1344 1365 0.208987
1345 4221 0.283415
1346 1304 0.230218
1347 1329 0.323318
1348 1352 0.191927
1349 1316 0.237866
1350 1353 0.185557
1351 1353 0.232075
1352 1348 0.191927
1353 1350 0.185557
1354 725 0.236924
1355 1359 0.237223
1356 1362 0.28453
1357 1363 0.264125
1358 1363 0.223095
1359 1355 0.237223
1360 1363 0.286726
1361 1358 0.250922
1362 1597 0.241567
1363 1358 0.223095
1364 1904 0.249482
1365 1368 0.199408
1366 543 0.259827
1367 3653 0.343041
1368 1318 0.197297
1369 693 0.218485
1370 1368 0.235319
1371 1368 0.256046
1372 1376 0.275807
1373 1179 0.24315
1374 1015 0.253755
1375 1376 0.235696
1376 1375 0.235696
1377 1352 0.219677
1378 3109 0.354089
1379 1376 0.254086
1380 1384 0.32088
1381 1377 0.23966
1382 3771 0.200731
1383 1714 0.291364
1384 1629 0.220544
1385 1461 0.25357
1386 1388 0.200423
1387 1400 0.313044
1388 1386 0.200423
1389 1393 0.402877
1390 1121 0.21463
1391 1394 0.303394
1392 1393 0.23754
1393 1121 0.217755
1394 1447 0.238076
1395 1501 0.236091
1396 1789 0.344496
1397 1402 0.199516
1398 1286 0.209705
1399 1401 0.192035
1400 1789 0.22854
1401 1399 0.192035
1402 1397 0.199516
1403 1395 0.425402
1404 1400 0.263871
1405 1865 0.267628
1406 1397 0.209865
1407 1420 0.225772
1408 3629 0.229599
1409 1427 0.322226
1410 1397 0.233379
1411 1475 0.370727
1412 1303 0.188109
1413 1408 0.231486
1414 1303 0.23808
1415 1420 0.245482
1416 1423 0.310827
1417 1473 0.432472
1418 1415 0.415779
1419 1217 0.362381
1420 1407 0.225772
1421 4320 0.394293
1422 1453 0.354114
1423 1610 0.23632
1424 1420 0.319757
1425 1433 0.254208
1426 1434 0.288715
1427 1431 0.249236
1428 3544 0.30092
1429 1161 0.303605
1430 1401 0.257917
1431 1427 0.249236
1432 1503 0.356609
1433 1427 0.251232
1434 1433 0.287308
1435 1442 0.336037
1436 1029 0.283391
1437 1669 0.364884
1438 1135 0.216158
1439 1425 0.375324
1440 1386 0.306417
1441 1134 0.153351
1442 1444 0.256987
1443 1440 0.328914
1444 1442 0.256987
1445 1397 0.226493
1446 1392 0.284775
1447 1814 0.206866
1448 3957 0.296136
1449 3628 0.206161
1450 1809 0.271704
1451 1449 0.256558
1452 1592 0.259602
1453 1449 0.220834
1454 1449 0.236687
1455 1400 0.351497
1456 1135 0.32821
1457 1464 0.183147
1458 1461 0.309051
1459 1467 0.295963
1460 1864 0.330629
1461 1385 0.25357
1462 1324 0.332352
1463 3751 0.195297
1464 1457 0.183147
1465 1662 0.28905
1466 1474 0.286104
1467 1474 0.217917
1468 4464 0.212128
1469 1473 0.33153
1470 1392 0.342012
1471 1472 0.33207
1472 1467 0.232277
1473 1461 0.275976
1474 1467 0.217917
1475 1787 0.273702
1476 1481 0.315805
1477 1472 0.417956
1478 1301 0.224546
1479 1478 0.255575
1480 3004 0.26349
1481 1808 0.228489
1482 1483 0.286633
1483 1482 0.286633
1484 3985 0.291148
1485 1570 0.261946
1486 1591 0.425722
1487 3387 0.234271
1488 1493 0.263081
1489 1487 0.262709
1490 1525 0.440039
1491 1579 0.254437
1492 1488 0.315233
1493 1488 0.263081
1494 1504 0.333013
1495 1500 0.226919
1496 2142 0.24631
1497 4301 0.222725
1498 3369 0.168759
1499 1851 0.20484
1500 1503 0.206154
1501 1395 0.236091
1502 3138 0.396731
1503 1500 0.206154
1504 1503 0.294985
1505 2885 0.336535
1506 1536 0.338908
1507 1511 0.341707
1508 1579 0.303444
1509 466 0.352146
1510 1571 0.297885
1511 998 0.249418
1512 1530 0.294308
1513 1959 0.395968
1514 1058 0.367828
1515 2464 0.246948
1516 1515 0.328147
1517 1518 0.295116
1518 1517 0.295116
1519 1489 0.473891
1520 2138 0.32161
1521 1498 0.267191
1522 1521 0.339386
1523 1515 0.270476
1524 1515 0.323104
1525 3387 0.271827
1526 1544 0.236587
1527 1498 0.222083
1528 1530 0.23454
1529 1530 0.242436
1530 1528 0.23454
1531 1530 0.309478
1532 286 0.30313
1533 1031 0.341049
1534 1141 0.324821
1535 2473 0.21839
1536 1573 0.286404
1537 3538 0.214465
1538 210 0.194641
1539 3353 0.311544
1540 1542 0.216049
1541 1498 0.192792
1542 1540 0.216049
1543 1547 0.396782
1544 580 0.206812
1545 1668 0.394395
1546 1504 0.334461
1547 1543 0.396782
1548 1556 0.339062
1549 1228 0.329366
1550 1423 0.37156
1551 1566 0.271019
1552 231 0.214278
1553 1554 0.29138
1554 1552 0.217008
1555 1560 0.30132
1556 666 0.258516
1557 592 0.332386
1558 1553 0.346505
1559 1723 0.229299
1560 570 0.220855
1561 1497 0.273242
1562 877 0.249354
1563 1569 0.241472
1564 1569 0.252757
1565 1566 0.248604
1566 1544 0.207067
1567 1576 0.358302
1568 1635 0.258939
1569 1352 0.200102
1570 1352 0.212347
1571 1499 0.216766
1572 1768 0.333886
1573 1638 0.256077
1574 1854 0.284715
1575 1578 0.253611
1576 1571 0.219814
1577 1956 0.353305
1578 3369 0.214657
1579 1491 0.254437
1580 3703 0.242528
1581 1085 0.278612
1582 1585 0.251656
1583 1588 0.240336
1584 1593 0.276163
1585 1590 0.240608
1586 1590 0.215702
1587 1662 0.25031
1588 1649 0.207107
1589 4444 0.12341
1590 1588 0.210805
1591 1148 0.309643
1592 1597 0.250767
1593 1596 0.237018
1594 1598 0.248193
1595 3996 0.25319
1596 1593 0.237018
1597 1598 0.241062
1598 1597 0.241062
1599 1619 0.194926
1600 1609 0.218278
1601 3494 0.298151
1602 1604 0.207175
1603 1619 0.228162
1604 1602 0.207175
1605 1594 0.2885
1606 1605 0.320035
1607 1603 0.238815
1608 1604 0.234569
1609 1600 0.218278
1610 1423 0.23632
1611 1038 0.334186
1612 1617 0.230046
1613 1853 0.287867
1614 1583 0.273082
1615 1612 0.278421
1616 1603 0.269785
1617 1612 0.230046
1618 1801 0.306055
1619 1853 0.18846
1620 1612 0.313815
1621 1582 0.252762
1622 1626 0.263876
1623 1095 0.259583
1624 1628 0.225764
1625 1098 0.25698
1626 1622 0.263876
1627 1624 0.299477
1628 1624 0.225764
1629 1384 0.220544
1630 4461 0.335616
1631 1362 0.346949
1632 1603 0.251363
1633 1640 0.318951
1634 1849 0.249538
1635 1568 0.258939
1636 1637 0.287029
1637 1238 0.248545
1638 1573 0.256077
1639 1585 0.336819
1640 1638 0.312186
1641 1637 0.305028
1642 1592 0.350932
1643 1534 0.361159
1644 1649 0.242018
1645 1607 0.243368
1646 1645 0.251092
1647 1649 0.268378
1648 4049 0.245684
1649 1588 0.207107
1650 1649 0.275341
1651 4049 0.258657
1652 1659 0.248408
1653 1652 0.301873
1654 3456 0.305903
1655 1162 0.141
1656 1657 0.27058
1657 1656 0.27058
1658 1600 0.434943
1659 1652 0.248408
1660 1377 0.255458
1661 1659 0.253555
1662 1587 0.25031
1663 1670 0.297804
1664 1602 0.234108
1665 1604 0.333784
1666 1667 0.25956
1667 1666 0.25956
1668 1664 0.312801
1669 1595 0.274124
1670 1667 0.269743
1671 1039 0.238242
1672 1679 0.244573
1673 1680 0.255554
1674 562 0.228244
1675 1680 0.248713
1676 3648 0.255541
1677 597 0.273666
1678 1270 0.309829
1679 1680 0.239106
1680 1679 0.239106
1681 1675 0.330238
1682 1685 0.291924
1683 1009 0.195171
1684 1541 0.217719
1685 964 0.156363
1686 2144 0.258503
1687 2486 0.280132
1688 1685 0.212389
1689 1009 0.297997
1690 3706 0.310827
1691 1676 0.304629
1692 1761 0.389171
1693 1695 0.311497
1694 1695 0.23886
1695 1694 0.23886
1696 551 0.215898
1697 551 0.202437
1698 982 0.367988
1699 3727 0.238015
1700 1703 0.229132
1701 1679 0.383895
1702 384 0.297674
1703 3727 0.169646
1704 1703 0.345319
1705 1699 0.252246
1706 1245 0.258781
1707 958 0.279622
1708 3727 0.223806
1709 1568 0.262191
1710 1709 0.35126
1711 1715 0.31001
1712 3518 0.290787
1713 1952 0.227766
1714 1383 0.291364
1715 1352 0.239263
1716 1259 0.31646
1717 3624 0.241652
1718 1722 0.241266
1719 1321 0.291037
1720 1741 0.359991
1721 2487 0.263561
1722 1718 0.241266
1723 3515 0.218363
1724 1176 0.310879
1725 508 0.408653
1726 1718 0.441966
1727 3655 0.348205
1728 1733 0.325816
1729 1963 0.268718
1730 1257 0.217472
1731 891 0.215263
1732 3498 0.321409
1733 1735 0.231412
1734 1735 0.308424
1735 1733 0.231412
1736 1009 0.283952
1737 1746 0.213187
1738 2359 0.320498
1739 1740 0.310553
1740 1746 0.248907
1741 1851 0.262603
1742 890 0.239835
1743 1393 0.286484
1744 3432 0.279176
1745 1023 0.243766
1746 1737 0.213187
1747 2486 0.223306
1748 1754 0.346286
1749 1735 0.27553
1750 1178 0.220511
1751 2556 0.288893
1752 1754 0.2553
1753 1754 0.314777
1754 1684 0.233277
1755 1754 0.392397
1756 1958 0.316803
1757 1763 0.294311
1758 1466 0.382449
1759 3629 0.244668
1760 592 0.258073
1761 1762 0.304822
1762 3734 0.24579
1763 1256 0.274492
1764 3805 0.455506
1765 1688 0.241477
1766 591 0.311104
1767 1768 0.206273
1768 1771 0.175509
1769 1775 0.213005
1770 1767 0.225844
1771 1768 0.175509
1772 1775 0.184037
1773 1768 0.204055
1774 1775 0.247226
1775 1772 0.184037
1776 1079 0.25317
1777 3246 0.319126
1778 1782 0.202696
1779 1212 0.215103
1780 1782 0.26984
1781 4611 0.286657
1782 1778 0.202696
1783 1217 0.232569
1784 1778 0.219413
1785 4608 0.3248
1786 1782 0.226765
1787 1789 0.223299
1788 1793 0.335333
1789 1813 0.214612
1790 2459 0.294657
1791 1793 0.304297
1792 1793 0.26673
1793 1789 0.21749
1794 1796 0.375958
1795 2623 0.349382
1796 1793 0.229565
1797 3022 0.340851
1798 1903 0.228462
1799 1803 0.192485
1800 1793 0.301039
1801 1803 0.240129
1802 1571 0.295141
1803 1806 0.187851
1804 3826 0.246372
1805 1853 0.228075
1806 1803 0.187851
1807 1809 0.186533
1808 1481 0.228489
1809 1807 0.186533
1810 1814 0.240896
1811 1294 0.219118
1812 1906 0.224399
1813 2120 0.204591
1814 1809 0.199651
1815 1769 0.253465
1816 1809 0.226592
1817 1823 0.198958
1818 1484 0.314181
1819 4607 0.339703
1820 1604 0.341233
1821 4602 0.277989
1822 1823 0.263836
1823 1863 0.189192
1824 1853 0.201218
1825 1823 0.220356
1826 1823 0.203941
1827 1830 0.273076
1828 1834 0.235083
1829 1860 0.292603
1830 2647 0.228822
1831 1834 0.281733
1832 1835 0.232997
1833 1793 0.273991
1834 1773 0.208038
1835 1834 0.224457
1836 1773 0.256724
1837 1839 0.194278
1838 1841 0.419424
1839 1851 0.186258
1840 1607 0.261347
1841 2261 0.284765
1842 1847 0.203533
1843 2176 0.281422
1844 3974 0.450351
1845 4545 0.327322
1846 1837 0.202051
1847 1851 0.177487
1848 1301 0.203631
1849 1634 0.249538
1850 1851 0.196748
1851 1847 0.177487
1852 1855 0.260466
1853 1619 0.18846
1854 1851 0.207755
1855 1847 0.201342
1856 2494 0.268387
1857 2351 0.317193
1858 1863 0.167575
1859 1865 0.185786
1860 1863 0.19491
1861 1863 0.32495
1862 3624 0.262398
1863 1858 0.167575
1864 3178 0.300624
1865 1858 0.180737
1866 3918 0.368289
1867 1951 0.36141
1868 1874 0.244882
1869 1571 0.291863
1870 1370 0.240664
1871 1870 0.274934
1872 1571 0.246261
1873 1879 0.284788
1874 2128 0.237113
1875 1931 0.31035
1876 1868 0.38306
1877 1882 0.228202
1878 1886 0.233789
1879 1873 0.284788
1880 1626 0.361576
1881 1626 0.315853
1882 1886 0.207363
1883 1878 0.276228
1884 4499 0.363678
1885 1468 0.272214
1886 1882 0.207363
1887 1259 0.319943
1888 1566 0.300463
1889 4800 0.323496
1890 1373 0.422342
1891 1892 0.327852
1892 1297 0.146771
1893 1047 0.345645
1894 2962 0.300345
1895 1047 0.262988
1896 4706 0.311991
1897 1903 0.198902
1898 1542 0.235277
1899 4794 0.326821
1900 3688 0.235817
1901 2809 0.217793
1902 1904 0.208874
1903 1897 0.198902
1904 1955 0.20409
1905 1904 0.284058
1906 1812 0.224399
1907 1511 0.346652
1908 1916 0.263658
1909 1505 0.352146
1910 1911 0.314391
1911 1912 0.235783
1912 1911 0.235783
1913 1003 0.31232
1914 1912 0.254946
1915 909 0.444493
1916 1908 0.263658
1917 1205 0.249434
1918 1926 0.122469
1919 1920 0.284918
1920 1921 0.25661
1921 1920 0.25661
1922 1926 0.306079
1923 1920 0.284066
1924 1935 0.258584
1925 4686 0.294114
1926 1918 0.122469
1927 1931 0.257009
1928 1954 0.320886
1929 1932 0.272612
1930 1932 0.337415
1931 1927 0.257009
1932 1929 0.272612
1933 1931 0.31454
1934 1936 0.308225
1935 1924 0.258584
1936 1927 0.284989
1937 4773 0.472474
1938 3109 0.265005
1939 1941 0.249331
1940 1938 0.362166
1941 1897 0.222342
1942 1941 0.320054
1943 1815 0.447154
1944 1941 0.307541
1945 1900 0.266094
1946 1939 0.32747
1947 582 0.259284
1948 2963 0.319078
1949 1920 0.300764
1950 1954 0.2651
1951 1956 0.24527
1952 1713 0.227766
1953 1811 0.302954
1954 4730 0.219763
1955 1904 0.20409
1956 1951 0.24527
1957 1958 0.302685
1958 1957 0.302685
1959 1729 0.393819
1960 4104 0.210909
1961 1053 0.302424
1962 694 0.350012
1963 1966 0.24524
1964 1966 0.218122
1965 1964 0.37014
1966 1964 0.218122
1967 1971 0.192522
1968 2022 0.159634
1969 1971 0.18188
1970 2500 0.229274
1971 1969 0.18188
1972 1974 0.26027
1973 1968 0.210246
1974 1969 0.214164
1975 2032 0.308437
1976 1969 0.319883
1977 2094 0.307878
1978 2066 0.185915
1979 2829 0.276313
1980 4967 0.315596
1981 2402 0.197122
1982 2829 0.179261
1983 2009 0.314771
1984 2251 0.26862
1985 2403 0.269524
1986 2253 0.230468
1987 2060 0.206228
1988 1991 0.225469
1989 1991 0.20443
1990 858 0.173276
1991 858 0.161855
1992 2027 0.167244
1993 1989 0.255433
1994 1987 0.275119
1995 2025 0.182944
1996 2303 0.238461
1997 2003 0.178035
1998 2017 0.195626
1999 1997 0.240349
2000 2003 0.222269
2001 2005 0.350474
2002 1997 0.29539
2003 1997 0.178035
2004 2619 0.199651
2005 1997 0.185438
2006 2407 0.305548
2007 1989 0.211935
2008 2031 0.279779
2009 2008 0.282921
2010 2021 0.290228
2011 2822 0.239065
2012 112 0.378063
2013 462 0.27369
2014 1989 0.270992
2015 2626 0.220067
2016 2064 0.219436
2017 2022 0.158287
2018 2874 0.233529
2019 823 0.302017
2020 107 0.302557
2021 2666 0.195651
2022 2017 0.158287
2023 2025 0.198717
2024 2017 0.160887
2025 2022 0.163043
2026 2022 0.28811
2027 2364 0.154837
2028 2339 0.248588
2029 2543 0.205937
2030 1836 0.286912
2031 2502 0.157255
2032 2027 0.198557
2033 2031 0.182482
2034 2027 0.1946
2035 2471 0.251738
2036 2025 0.168437
2037 3500 0.196691
2038 2037 0.225804
2039 3441 0.181052
2040 1180 0.262972
2041 3474 0.22831
2042 2051 0.343566
2043 2045 0.289995
2044 1995 0.2331
2045 1971 0.23838
2046 2349 0.269985
2047 2052 0.228159
2048 956 0.273716
2049 2051 0.183556
2050 2024 0.244441
2051 2049 0.183556
2052 2049 0.210104
2053 2056 0.247063
2054 2047 0.36377
2055 2856 0.240594
2056 2051 0.185631
2057 2066 0.130948
2058 2065 0.325579
2059 2066 0.198663
2060 2057 0.149544
2061 2060 0.256084
2062 2057 0.186311
2063 2196 0.300244
2064 2822 0.214552
2065 2062 0.216221
2066 2057 0.130948
2067 2073 0.174268
2068 2427 0.256174
2069 2074 0.228884
2070 2075 0.175523
2071 2075 0.168946
2072 459 0.256418
2073 2067 0.174268
2074 2231 0.17506
2075 2366 0.167319
2076 2074 0.189583
2077 2080 0.249799
2078 2093 0.325219
2079 2099 0.361863
2080 2083 0.20063
2081 2083 0.213411
2082 2080 0.363233
2083 2080 0.20063
2084 2083 0.226353
2085 2075 0.207309
2086 3565 0.267028
2087 2227 0.30297
2088 2089 0.198279
2089 2092 0.167521
2090 2092 0.224106
2091 2758 0.477844
2092 2089 0.167521
2093 2092 0.201714
2094 2376 0.226362
2095 2659 0.344041
2096 1146 0.324176
2097 2104 0.176165
2098 2225 0.171718
2099 2106 0.221992
2100 3580 0.201802
2101 2852 0.356711
2102 2103 0.207776
2103 2102 0.207776
2104 2097 0.176165
2105 2104 0.222539
2106 2130 0.214741
2107 2111 0.254817
2108 2113 0.213237
2109 2655 0.265212
2110 2090 0.246337
2111 2439 0.191125
2112 2437 0.281128
2113 2111 0.201587
2114 2430 0.212862
2115 2111 0.195572
2116 2114 0.240898
2117 2716 0.247138
2118 2743 0.235174
2119 3039 0.321646
2120 1813 0.204591
2121 2115 0.237489
2122 2126 0.181643
2123 2163 0.27519
2124 2076 0.218551
2125 4629 0.349469
2126 2122 0.181643
2127 2133 0.174
2128 1874 0.237113
2129 1141 0.282913
2130 2134 0.1907
2131 2134 0.1771
2132 1804 0.264575
2133 2127 0.174
2134 2127 0.1752
2135 2136 0.185127
2136 2135 0.185127
2137 1129 0.259594
2138 2906 0.154975
2139 2144 0.247246
2140 2138 0.200329
2141 2144 0.218466
2142 2070 0.197071
2143 2146 0.24824
2144 2141 0.218466
2145 2490 0.371626
2146 2883 0.241602
2147 2151 0.208412
2148 2151 0.186693
2149 2155 0.272452
2150 2153 0.254588
2151 2153 0.152292
2152 2148 0.25571
2153 2151 0.152292
2154 3019 0.222907
2155 2814 0.211538
2156 2921 0.305939
2157 3379 0.228196
2158 2160 0.288401
2159 4631 0.167056
2160 2166 0.165471
2161 3015 0.310979
2162 2163 0.355991
2163 2160 0.187406
2164 2160 0.2546
2165 2098 0.325313
2166 2160 0.165471
2167 2174 0.209112
2168 2546 0.214847
2169 2167 0.245519
2170 2251 0.199549
2171 2167 0.254289
2172 2170 0.206147
2173 2175 0.236848
2174 2167 0.209112
2175 2173 0.236848
2176 1323 0.192415
2177 959 0.177986
2178 2186 0.182955
2179 2804 0.307304
2180 2186 0.21711
2181 2618 0.227836
2182 2185 0.241006
2183 2178 0.222049
2184 2178 0.227621
2185 2186 0.213434
2186 2178 0.182955
2187 2306 0.192732
2188 2193 0.185071
2189 2193 0.31457
2190 2188 0.276893
2191 2193 0.305025
2192 2262 0.258483
2193 2188 0.185071
2194 1841 0.286757
2195 2188 0.237241
2196 2178 0.212194
2197 2170 0.206307
2198 2939 0.262154
2199 1984 0.313417
2200 2015 0.286257
2201 2197 0.301712
2202 2007 0.222684
2203 2206 0.289392
2204 2202 0.235442
2205 2271 0.22926
2206 2041 0.281168
2207 2218 0.346831
2208 2087 0.493303
2209 2626 0.29603
2210 2929 0.282766
2211 2141 0.224403
2212 1163 0.419332
2213 2221 0.281841
2214 2216 0.320346
2215 2211 0.275798
2216 2930 0.312024
2217 1331 0.274615
2218 2222 0.2029
2219 2271 0.315945
2220 2166 0.204795
2221 2166 0.204075
2222 2218 0.2029
2223 2935 0.329047
2224 2220 0.336383
2225 2098 0.171718
2226 2222 0.251748
2227 2233 0.199744
2228 2231 0.182107
2229 2233 0.226331
2230 2178 0.246353
2231 2074 0.17506
2232 2233 0.302359
2233 2228 0.188819
2234 2233 0.213534
2235 1157 0.220514
