0 2156 0.298211
1 4 0.25577
2 4 0.254827
3 4 0.328611
4 2 0.254827
5 4 0.289079
6 2 0.350957
7 4 0.292352
8 72 0.372566
9 2 0.384489
10 400 0.387025
11 520 0.308056
12 11 0.422306
13 935 0.39041
14 2786 0.351696
15 72 0.407945
16 29 0.350963
17 270 0.191195
18 21 0.345217
19 6 0.378083
20 2103 0.280562
21 24 0.256749
22 24 0.232957
23 24 0.31887
24 22 0.232957
25 144 0.267643
26 25 0.32999
27 24 0.337856
28 1950 0.42894
29 22 0.258825
30 37 0.257259
31 37 0.264707
32 4 0.294558
33 35 0.274882
34 2789 0.499261
35 940 0.252735
36 39 0.281982
37 1659 0.255024
38 30 0.282592
39 791 0.277921
40 760 0.38463
41 43 0.297486
42 44 0.284057
43 41 0.297486
44 42 0.284057
45 1134 0.477784
46 1943 0.259345
47 89 0.300177
48 1937 0.416537
49 42 0.390155
50 54 0.318114
51 698 0.334904
52 681 0.414329
53 2516 0.478487
54 56 0.279986
55 50 0.388956
56 54 0.279986
57 54 0.287006
58 50 0.331591
59 1916 0.401737
60 61 0.332682
61 67 0.286391
62 67 0.38792
63 61 0.301251
64 67 0.282085
65 63 0.366047
66 22 0.366865
67 33 0.279239
68 69 0.293386
69 67 0.283454
70 79 0.282918
71 75 0.325219
72 79 0.3095
73 4 0.262476
74 79 0.357954
75 79 0.276172
76 5 0.401873
77 70 0.419969
78 79 0.309601
79 75 0.276172
80 86 0.431617
81 300 0.34513
82 89 0.312928
83 29 0.271317
84 1962 0.280294
85 83 0.311787
86 80 0.431617
87 51 0.363118
88 89 0.419235
89 47 0.300177
90 1989 0.408096
91 95 0.239008
92 340 0.267688
93 95 0.309956
94 2290 0.482447
95 91 0.239008
96 91 0.272849
97 92 0.450924
98 95 0.285245
99 92 0.321918
100 188 0.379418
101 107 0.273435
102 703 0.288595
103 101 0.290885
104 101 0.297429
105 107 0.380247
106 105 0.398463
107 145 0.268915
108 854 0.291402
109 103 0.294229
110 520 0.265252
111 112 0.568435
112 1665 0.392648
113 117 0.289684
114 146 0.357783
115 116 0.284051
116 117 0.265237
117 116 0.265237
118 778 0.286906
119 116 0.324454
120 423 0.318655
121 129 0.352661
122 127 0.410514
123 700 0.3181
124 126 0.284126
125 479 0.400931
126 124 0.284126
127 700 0.327289
128 473 0.503524
129 126 0.340038
130 864 0.316795
131 132 0.270722
132 131 0.270722
133 132 0.308538
134 1689 0.513408
135 132 0.302706
136 132 0.354733
137 973 0.351447
138 865 0.338644
139 861 0.349321
140 144 0.279896
141 130 0.410404
142 144 0.329808
143 181 0.365286
144 146 0.231275
145 107 0.268915
146 144 0.231275
147 363 0.405928
148 329 0.3704
149 140 0.393052
150 154 0.310311
151 152 0.304044
152 151 0.304044
153 2 0.509283
154 150 0.310311
155 154 0.380189
156 345 0.309028
157 158 0.383849
158 317 0.335824
159 150 0.3385
160 169 0.341477
161 231 0.448525
162 164 0.346017
163 379 0.507351
164 166 0.280996
165 545 0.403122
166 164 0.280996
167 192 0.354729
168 183 0.477864
169 160 0.341477
170 171 0.277697
171 170 0.277697
172 179 0.307796
173 174 0.255087
174 173 0.255087
175 176 0.372558
176 930 0.323133
177 42 0.49586
178 171 0.289928
179 180 0.305077
180 183 0.251089
181 185 0.325237
182 366 0.328899
183 180 0.251089
184 186 0.415691
185 188 0.275512
186 180 0.27935
187 188 0.359089
188 185 0.275512
189 317 0.398776
190 1669 0.349447
191 132 0.273273
192 199 0.30281
193 1606 0.295269
194 51 0.486103
195 191 0.346607
196 83 0.347402
197 191 0.340364
198 191 0.410016
199 192 0.30281
200 205 0.275343
201 205 0.348834
202 205 0.357306
203 200 0.48152
204 200 0.423009
205 200 0.275343
206 503 0.287405
207 206 0.341315
208 205 0.310957
209 205 0.357482
210 211 0.291514
211 215 0.268647
212 300 0.352696
213 219 0.535428
214 3210 0.540996
215 211 0.268647
216 217 0.317029
217 216 0.317029
218 715 0.362685
219 205 0.303977
220 581 0.306644
221 552 0.37615
222 225 0.349082
223 2374 0.49278
224 227 0.475883
225 284 0.332148
226 517 0.289557
227 224 0.475883
228 226 0.302322
229 3214 0.311467
230 239 0.364947
231 210 0.340653
232 504 0.236483
233 239 0.452729
234 514 0.369085
235 540 0.401884
236 129 0.450532
237 242 0.316394
238 242 0.366804
239 245 0.34982
240 241 0.421959
241 242 0.346964
242 254 0.299324
243 245 0.40499
244 246 0.321526
245 247 0.309009
246 244 0.321526
247 242 0.300997
248 247 0.363638
249 936 0.38932
250 768 0.488194
251 259 0.297855
252 254 0.318026
253 258 0.329421
254 258 0.287727
255 351 0.359291
256 2391 0.322583
257 254 0.341435
258 254 0.287727
259 251 0.297855
260 266 0.286264
261 1917 0.498018
262 260 0.362567
263 535 0.412672
264 260 0.354924
265 266 0.315622
266 260 0.286264
267 266 0.338809
268 205 0.370236
269 1367 0.492972
270 17 0.191195
271 254 0.417534
272 279 0.324986
273 283 0.35998
274 252 0.336384
275 335 0.345137
276 981 0.447793
277 810 0.326769
278 67 0.389372
279 272 0.324986
280 283 0.299572
281 270 0.682416
282 1715 0.445958
283 280 0.299572
284 256 0.328578
285 288 0.432711
286 288 0.290263
287 288 0.287763
288 287 0.287763
289 288 0.360464
290 295 0.342569
291 2347 0.407397
292 1083 0.434143
293 294 0.465128
294 260 0.33098
295 299 0.34167
296 1072 0.458198
297 1786 0.512702
298 48 0.433028
299 765 0.33746
300 216 0.330804
301 928 0.288693
302 948 0.27173
303 1334 0.352676
304 695 0.417539
305 351 0.293881
306 305 0.728071
307 308 0.329825
308 305 0.295737
309 946 0.400549
310 317 0.345554
311 312 0.464777
312 947 0.295744
313 317 0.282829
314 1893 0.314718
315 317 0.322705
316 766 0.594976
317 337 0.261925
318 372 0.308072
319 313 0.306878
320 328 0.28423
321 324 0.278896
322 91 0.253057
323 435 0.451189
324 325 0.2384
325 324 0.2384
326 324 0.318738
327 328 0.328727
328 320 0.28423
329 950 0.34069
330 809 0.270307
331 337 0.272933
332 330 0.461222
333 335 0.253492
334 470 0.295378
335 337 0.235524
336 387 0.454034
337 335 0.235524
338 333 0.364005
339 337 0.251273
340 349 0.258363
341 349 0.283282
342 444 0.351558
343 341 0.372252
344 341 0.309612
345 156 0.309028
346 341 0.303801
347 494 0.399458
348 449 0.383298
349 340 0.258363
350 358 0.398526
351 358 0.267289
352 551 0.386677
353 421 0.450409
354 335 0.30361
355 351 0.373937
356 994 0.434536
357 351 0.284379
358 351 0.267289
359 351 0.292564
360 368 0.425639
361 366 0.238638
362 325 0.356316
363 366 0.373434
364 1480 0.372968
365 575 0.420019
366 361 0.238638
367 361 0.375674
368 320 0.301221
369 361 0.27243
370 372 0.298362
371 1405 0.380447
372 374 0.269401
373 372 0.462927
374 372 0.269401
375 1823 0.375279
376 372 0.316519
377 387 0.480193
378 372 0.425531
379 376 0.331229
380 928 0.393182
381 245 0.378838
382 935 0.417429
383 388 0.294179
384 150 0.394681
385 387 0.341936
386 920 0.516807
387 331 0.340013
388 383 0.294179
389 29 0.321425
390 395 0.384174
391 395 0.286509
392 395 0.341769
393 315 0.49033
394 333 0.457815
395 391 0.286509
396 1229 0.474435
397 331 0.302823
398 395 0.383261
399 333 0.350557
400 495 0.276
401 400 0.278876
402 407 0.349803
403 400 0.324592
404 406 0.485589
405 496 0.447505
406 400 0.299019
407 590 0.283855
408 498 0.305533
409 401 0.369917
410 414 0.254752
411 414 0.326033
412 424 0.456732
413 414 0.281701
414 419 0.248253
415 414 0.259677
416 414 0.448342
417 180 0.357069
418 470 0.346101
419 414 0.248253
420 428 0.372626
421 423 0.336792
422 426 0.330235
423 120 0.318655
424 1986 0.34727
425 428 0.259964
426 422 0.330235
427 428 0.305445
428 425 0.259964
429 1888 0.329819
430 438 0.300494
431 430 0.390491
432 448 0.346059
433 430 0.302354
434 430 0.4926
435 414 0.317136
436 430 0.434996
437 485 0.380359
438 490 0.29979
439 490 0.289067
440 445 0.375756
441 449 0.302575
442 449 0.35295
443 449 0.297128
444 460 0.28619
445 449 0.273525
446 402 0.4235
447 443 0.30599
448 449 0.339892
449 460 0.26376
450 485 0.402191
451 453 0.281308
452 457 0.257656
453 462 0.263131
454 1819 0.264557
455 944 0.43448
456 453 0.268585
457 452 0.257656
458 499 0.313481
459 994 0.336136
460 462 0.208183
461 460 0.263745
462 460 0.208183
463 460 0.330787
464 460 0.280199
465 460 0.306449
466 462 0.209062
467 95 0.430438
468 462 0.244068
469 460 0.388527
470 479 0.241715
471 564 0.367368
472 470 0.278671
473 3393 0.316837
474 943 0.291943
475 476 0.341083
476 479 0.228276
477 474 0.309195
478 475 0.526588
479 476 0.228276
480 488 0.351666
481 486 0.264307
482 495 0.437064
483 486 0.290413
484 486 0.271133
485 486 0.232227
486 485 0.232227
487 481 0.264598
488 486 0.336234
489 486 0.283197
490 498 0.27839
491 437 0.441181
492 495 0.333758
493 498 0.254047
494 460 0.263346
495 462 0.24622
496 495 0.283862
497 490 0.355932
498 493 0.254047
499 498 0.288293
500 509 0.397138
501 369 0.352754
502 508 0.302076
503 206 0.287405
504 232 0.236483
505 506 0.401677
506 509 0.272165
507 325 0.42046
508 509 0.279766
509 504 0.243053
510 516 0.340171
511 67 0.454553
512 514 0.281233
513 1687 0.4902
514 517 0.224107
515 1134 0.495357
516 590 0.249003
517 514 0.224107
518 514 0.240787
519 552 0.324636
520 522 0.255173
521 523 0.318379
522 520 0.255173
523 527 0.262707
524 746 0.506175
525 1427 0.460866
526 521 0.418139
527 523 0.262707
528 527 0.302425
529 523 0.305225
530 535 0.221346
531 536 0.326439
532 530 0.373732
533 535 0.281194
534 535 0.336728
535 530 0.221346
536 530 0.290207
537 1441 0.491834
538 740 0.443757
539 2387 0.492089
540 517 0.305003
541 254 0.388361
542 546 0.356121
543 544 0.280279
544 545 0.270498
545 544 0.270498
546 544 0.295408
547 545 0.280989
548 545 0.364155
549 540 0.437598
550 551 0.411262
551 556 0.219637
552 551 0.29025
553 556 0.317124
554 556 0.401196
555 551 0.282982
556 551 0.219637
557 556 0.324239
558 593 0.433444
559 551 0.279327
560 850 0.375468
561 564 0.279707
562 567 0.224414
563 562 0.244809
564 567 0.264678
565 1682 0.380438
566 567 0.208234
567 566 0.208234
568 502 0.366566
569 863 0.345161
570 576 0.248224
571 576 0.276766
572 544 0.459127
573 462 0.353997
574 562 0.246339
575 574 0.305838
576 570 0.248224
577 576 0.288722
578 575 0.545015
579 577 0.338099
580 583 0.322811
581 220 0.306644
582 925 0.35018
583 580 0.322811
584 582 0.406169
585 581 0.343469
586 589 0.309651
587 895 0.432369
588 3532 0.430026
589 586 0.309651
590 516 0.249003
591 592 0.277474
592 590 0.250073
593 591 0.328945
594 567 0.282629
595 423 0.419054
596 594 0.299751
597 598 0.312726
598 597 0.312726
599 594 0.430692
600 601 0.309088
601 600 0.309088
602 130 0.512659
603 620 0.350511
604 621 0.342056
605 430 0.38215
606 603 0.366823
607 670 0.413341
608 605 0.390072
609 621 0.521677
610 615 0.313215
611 615 0.431548
612 2430 0.383107
613 2455 0.564988
614 666 0.34291
615 617 0.295358
616 660 0.35616
617 615 0.295358
618 882 0.499163
619 615 0.313285
620 675 0.309202
621 601 0.336391
622 686 0.298264
623 692 0.347747
624 961 0.480066
625 1618 0.282404
626 627 0.259048
627 626 0.259048
628 620 0.458931
629 620 0.62775
630 634 0.224592
631 630 0.358357
632 634 0.360261
633 630 0.334205
634 630 0.224592
635 634 0.290423
636 630 0.307726
637 676 0.278538
638 2408 0.443406
639 1387 0.323566
640 867 0.47581
641 58 0.339427
642 1552 0.537603
643 698 0.491798
644 3003 0.531817
645 649 0.470178
646 857 0.583848
647 641 0.364538
648 920 0.403021
649 641 0.40036
650 245 0.475524
651 652 0.384974
652 719 0.335083
653 2483 0.277539
654 589 0.406807
655 830 0.427349
656 33 0.35352
657 2405 0.336855
658 651 0.398222
659 857 0.386454
660 576 0.298106
661 666 0.287844
662 521 0.40424
663 661 0.32618
664 661 0.412778
665 1552 0.324598
666 661 0.287844
667 400 0.276997
668 620 0.36397
669 659 0.403294
670 2430 0.367007
671 675 0.291509
672 2499 0.3535
673 619 0.497622
674 671 0.322409
675 2430 0.285248
676 637 0.278538
677 671 0.470982
678 983 0.462562
679 636 0.37036
680 493 0.472934
681 2455 0.299656
682 308 0.369735
683 681 0.479707
684 681 0.32176
685 681 0.353536
686 622 0.298264
687 681 0.327315
688 681 0.349957
689 681 0.312495
690 694 0.324247
691 692 0.382151
692 694 0.275977
693 339 0.314871
694 692 0.275977
695 686 0.379198
696 473 0.390442
697 698 0.260239
698 697 0.260239
699 209 0.445207
700 707 0.293384
701 707 0.253299
702 703 0.281793
703 707 0.258552
704 701 0.31405
705 707 0.277831
706 102 0.42195
707 701 0.253299
708 700 0.297489
709 708 0.495085
710 715 0.342185
711 716 0.342593
712 715 0.287362
713 719 0.291109
714 716 0.468868
715 795 0.280345
716 719 0.25149
717 700 0.422234
718 719 0.285243
719 716 0.25149
720 723 0.379322
721 334 0.411025
722 331 0.365215
723 1459 0.313398
724 723 0.46314
725 957 0.333612
726 144 0.374229
727 70 0.406301
728 79 0.524217
729 218 0.512464
730 739 0.503149
731 737 0.344433
732 738 0.386792
733 736 0.437141
734 739 0.430546
735 719 0.462927
736 739 0.260685
737 731 0.344433
738 739 0.300679
739 736 0.260685
740 719 0.332379
741 744 0.308703
742 743 0.305917
743 742 0.305917
744 741 0.308703
745 490 0.316653
746 439 0.34507
747 748 0.593778
748 742 0.317766
749 741 0.343286
750 3161 0.472915
751 753 0.301906
752 791 0.300157
753 791 0.290954
754 2784 0.331208
755 45 0.495475
756 753 0.367079
757 754 0.331943
758 759 0.374052
759 1561 0.27284
760 40 0.38463
761 22 0.269327
762 761 0.287064
763 2306 0.369725
764 768 0.442202
765 299 0.33746
766 715 0.290563
767 768 0.296145
768 761 0.276745
769 711 0.447227
770 973 0.409537
771 778 0.281533
772 703 0.52778
773 47 0.358935
774 773 0.495632
775 771 0.292393
776 1803 0.474546
777 1811 0.480277
778 771 0.281533
779 302 0.32581
780 786 0.37163
781 789 0.322358
782 46 0.394806
783 781 0.390192
784 712 0.322548
785 781 0.453047
786 490 0.315218
787 748 0.336933
788 3607 0.390661
789 795 0.322329
790 245 0.441061
791 795 0.241679
792 795 0.266079
793 795 0.303374
794 451 0.360632
795 791 0.241679
796 797 0.308948
797 795 0.265192
798 795 0.297736
799 24 0.321558
800 809 0.287386
801 809 0.278619
802 170 0.421999
803 809 0.236645
804 809 0.313053
805 809 0.263939
806 865 0.440562
807 809 0.22483
808 803 0.387802
809 807 0.22483
810 813 0.307382
811 813 0.382844
812 816 0.387898
813 810 0.307382
814 810 0.328454
815 1311 0.491905
816 814 0.330352
817 124 0.444998
818 819 0.418587
819 3685 0.343751
820 862 0.478492
821 887 0.412331
822 1292 0.452449
823 826 0.486805
824 830 0.484569
825 1249 0.492869
826 828 0.364413
827 829 0.414966
828 829 0.226913
829 828 0.226913
830 835 0.306445
831 809 0.337825
832 863 0.387587
833 1480 0.387905
834 804 0.389494
835 830 0.306445
836 387 0.551359
837 1340 0.353021
838 891 0.508571
839 877 0.407446
840 882 0.273498
841 744 0.351496
842 858 0.447933
843 154 0.430722
844 845 0.301143
845 840 0.27462
846 845 0.403317
847 109 0.368883
848 845 0.342837
849 840 0.306167
850 857 0.337266
851 855 0.361012
852 208 0.311002
853 3678 0.309332
854 108 0.291402
855 801 0.321476
856 875 0.424324
857 875 0.308892
858 3709 0.374685
859 852 0.495482
860 863 0.310699
861 191 0.290617
862 869 0.323548
863 860 0.310699
864 130 0.316795
865 138 0.338644
866 3143 0.670714
867 863 0.387525
868 865 0.357239
869 862 0.323548
870 932 0.390147
871 809 0.308387
872 877 0.376974
873 877 0.320691
874 390 0.396158
875 805 0.307221
876 875 0.317119
877 873 0.320691
878 848 0.366166
879 875 0.361867
880 604 0.412238
881 630 0.482317
882 840 0.273498
883 863 0.381821
884 803 0.38493
885 882 0.356314
886 2935 0.397368
887 882 0.381135
888 882 0.281967
889 882 0.538963
890 893 0.346243
891 146 0.35395
892 828 0.292499
893 959 0.297597
894 1246 0.463091
895 896 0.370847
896 875 0.354054
897 1851 0.391633
898 835 0.310969
899 890 0.559434
900 944 0.42339
901 583 0.596841
902 952 0.447555
903 1332 0.476154
904 2363 0.400963
905 464 0.408738
906 950 0.476148
907 35 0.403385
908 432 0.462287
909 724 0.476717
910 911 0.279995
911 913 0.27752
912 39 0.410199
913 911 0.27752
914 911 0.334016
915 911 0.352713
916 917 0.342572
917 999 0.280953
918 2946 0.480756
919 911 0.330671
920 1390 0.297111
921 925 0.356177
922 582 0.484688
923 940 0.320411
924 1390 0.378068
925 989 0.298325
926 925 0.326386
927 2566 0.482965
928 301 0.288693
929 925 0.362386
930 934 0.269135
931 934 0.329796
932 948 0.276972
933 2 0.261313
934 935 0.2464
935 934 0.2464
936 933 0.324327
937 1356 0.497038
938 301 0.487654
939 176 0.375136
940 35 0.252735
941 2857 0.366103
942 945 0.287582
943 474 0.291943
944 948 0.243147
945 948 0.270064
946 948 0.291863
947 312 0.295744
948 944 0.243147
949 474 0.309135
950 953 0.309425
951 953 0.361801
952 1345 0.330519
953 950 0.309425
954 990 0.512622
955 893 0.316812
956 953 0.426154
957 987 0.32967
958 1859 0.341155
959 893 0.297597
960 2508 0.308979
961 17 0.365462
962 964 0.393937
963 965 0.389646
964 965 0.302427
965 964 0.302427
966 1443 0.321698
967 2574 0.449234
968 2499 0.328064
969 970 0.449477
970 975 0.321805
971 970 0.434731
972 978 0.279981
973 137 0.351447
974 79 0.339725
975 970 0.321805
976 978 0.315997
977 976 0.379473
978 972 0.279981
979 2299 0.382799
980 994 0.264494
981 989 0.266129
982 980 0.315364
983 989 0.392337
984 940 0.334551
985 987 0.446586
986 981 0.358954
987 957 0.32967
988 994 0.292956
989 981 0.266129
990 462 0.269055
991 942 0.421902
992 994 0.291361
993 319 0.391707
994 980 0.264494
995 996 0.429151
996 2558 0.279031
997 996 0.482809
998 994 0.290172
999 994 0.26596
1000 1004 0.243564
1001 1007 0.29251
1002 1000 0.266918
1003 1898 0.518835
1004 1000 0.243564
1005 1002 0.281337
1006 1004 0.306866
1007 1001 0.29251
1008 1000 0.28743
1009 1000 0.384973
1010 1536 0.530316
1011 1013 0.274342
1012 1015 0.259111
1013 1016 0.235958
1014 1383 0.381539
1015 1018 0.243631
1016 1013 0.235958
1017 1647 0.495299
1018 1015 0.243631
1019 1012 0.364906
1020 1027 0.462715
1021 1024 0.308248
1022 1997 0.385064
1023 1059 0.264211
1024 1023 0.280892
1025 1023 0.301559
1026 1045 0.35241
1027 1023 0.302714
1028 1023 0.362759
1029 1002 0.39769
1030 1034 0.259559
1031 1091 0.337392
1032 1425 0.379247
1033 1031 0.516145
1034 1030 0.259559
1035 1634 0.302103
1036 1039 0.39875
1037 1034 0.427709
1038 1553 0.475073
1039 1644 0.284139
1040 1045 0.388387
1041 1045 0.306051
1042 41 0.448487
1043 1016 0.313329
1044 1860 0.472707
1045 1097 0.293741
1046 1192 0.388161
1047 1048 0.282478
1048 1047 0.282478
1049 1790 0.391102
1050 1059 0.2881
1051 1553 0.448076
1052 721 0.483189
1053 1059 0.241313
1054 1553 0.445819
1055 1059 0.290769
1056 1853 0.44421
1057 1059 0.256885
1058 1059 0.261609
1059 1053 0.241313
1060 1067 0.390326
1061 1863 0.385492
1062 1966 0.377972
1063 1983 0.275851
1064 1066 0.450558
1065 1069 0.325097
1066 1962 0.351171
1067 1069 0.325314
1068 1988 0.292885
1069 1005 0.317533
1070 1074 0.281183
1071 1074 0.281232
1072 1075 0.302255
1073 1074 0.30004
1074 1016 0.268482
1075 1074 0.280851
1076 1961 0.465281
1077 1240 0.450146
1078 1075 0.346372
1079 1536 0.468134
1080 1823 0.513092
1081 1089 0.254383
1082 1081 0.284296
1083 1074 0.381603
1084 1081 0.316827
1085 1173 0.339117
1086 1088 0.299689
1087 1901 0.348187
1088 1086 0.299689
1089 1081 0.254383
1090 1099 0.261928
1091 1031 0.337392
1092 1094 0.253155
1093 1958 0.417886
1094 1092 0.253155
1095 1094 0.335215
1096 1553 0.33039
1097 1099 0.268464
1098 1004 0.307526
1099 1090 0.261928
1100 1104 0.274216
1101 1109 0.459145
1102 1271 0.402594
1103 1129 0.462899
1104 1100 0.274216
1105 1383 0.404723
1106 1107 0.463224
1107 1105 0.412705
1108 2422 0.331879
1109 1579 0.297832
1110 1167 0.522154
1111 1119 0.33124
1112 1116 0.332175
1113 1119 0.320571
1114 1111 0.477951
1115 1119 0.319001
1116 1112 0.332175
1117 1116 0.393471
1118 1116 0.445071
1119 2647 0.300754
1120 1137 0.26366
1121 1122 0.330093
1122 3015 0.303007
1123 78 0.335382
1124 1129 0.344152
1125 1173 0.394633
1126 1571 0.314468
1127 1129 0.310011
1128 797 0.364785
1129 1459 0.296349
1130 1138 0.439002
1131 1138 0.213365
1132 1219 0.4566
1133 1138 0.434412
1134 1138 0.278786
1135 2022 0.40757
1136 1179 0.452683
1137 1138 0.222091
1138 1131 0.213365
1139 1212 0.422674
1140 1149 0.504617
1141 2764 0.330005
1142 1654 0.373097
1143 1149 0.26697
1144 1165 0.501489
1145 3103 0.296499
1146 1149 0.303359
1147 3086 0.269876
1148 1149 0.337703
1149 1143 0.26697
1150 1891 0.446584
1151 3552 0.296718
1152 1199 0.510304
1153 1477 0.365275
1154 1151 0.576325
1155 2608 0.384403
1156 1477 0.45802
1157 1151 0.373498
1158 1474 0.376037
1159 1151 0.300348
1160 1163 0.357364
1161 1160 0.367148
1162 1163 0.3897
1163 1126 0.346104
1164 1183 0.334088
1165 3151 0.312429
1166 1137 0.375768
1167 1115 0.324423
1168 1164 0.34137
1169 1746 0.303581
1170 1986 0.270404
1171 1177 0.260927
1172 1137 0.27549
1173 1137 0.335801
1174 1930 0.303764
1175 1177 0.379583
1176 2525 0.3594
1177 1171 0.260927
1178 1172 0.446399
1179 1614 0.354072
1180 1183 0.344677
1181 1183 0.306327
1182 1183 0.333825
1183 1137 0.270038
1184 1914 0.361116
1185 1187 0.5643
1186 2401 0.449266
1187 1323 0.479508
1188 1183 0.330055
1189 1183 0.325693
1190 1199 0.298917
1191 1192 0.330349
1192 1199 0.312742
1193 1190 0.393882
1194 1459 0.447671
1195 1794 0.327425
1196 1145 0.340932
1197 1304 0.472337
1198 1045 0.339155
1199 1190 0.298917
1200 2908 0.623455
1201 1215 0.271963
1202 1821 0.311317
1203 1278 0.50334
1204 1240 0.352398
1205 1840 0.452346
1206 1201 0.378306
1207 1201 0.387903
1208 1204 0.406222
1209 1859 0.365374
1210 3073 0.359308
1211 3066 0.540402
1212 1952 0.418856
1213 2999 0.313588
1214 1021 0.461464
1215 1201 0.271963
1216 1215 0.282047
1217 1215 0.316828
1218 1215 0.280716
1219 1229 0.325158
1220 1224 0.370137
1221 1229 0.308367
1222 1224 0.342752
1223 3076 0.415482
1224 1229 0.319193
1225 1215 0.372278
1226 3076 0.305037
1227 3076 0.345229
1228 1271 0.323925
1229 1221 0.308367
1230 1238 0.357282
1231 1238 0.324345
1232 1275 0.438524
1233 1881 0.418705
1234 1238 0.353207
1235 1271 0.331119
1236 1239 0.308409
1237 1238 0.28103
1238 1237 0.28103
1239 1075 0.3038
1240 1244 0.338708
1241 1244 0.404625
1242 1275 0.334788
1243 1975 0.396664
1244 1240 0.338708
1245 3270 0.236153
1246 1617 0.358626
1247 1249 0.353944
1248 2525 0.4544
1249 1247 0.353944
1250 1259 0.301347
1251 1257 0.352788
1252 1265 0.358206
1253 1215 0.353044
1254 1143 0.408276
1255 1279 0.435465
1256 1660 0.44458
1257 1495 0.324305
1258 1490 0.363361
1259 1250 0.301347
1260 1263 0.337911
1261 1268 0.337908
1262 1268 0.292999
1263 1260 0.337911
1264 3217 0.543273
1265 1269 0.340568
1266 1268 0.364214
1267 1268 0.335204
1268 1262 0.292999
1269 1432 0.310717
1270 1215 0.284312
1271 1309 0.279535
1272 1057 0.505898
1273 1084 0.327124
1274 1275 0.312946
1275 1271 0.286067
1276 1286 0.331632
1277 1320 0.298013
1278 1240 0.357117
1279 1215 0.285435
1280 1287 0.311495
1281 1285 0.561029
1282 1120 0.456184
1283 1271 0.529597
1284 1884 0.457619
1285 1287 0.42567
1286 1276 0.331632
1287 1280 0.311495
1288 136 0.42868
1289 1280 0.389171
1290 1292 0.335477
1291 1292 0.430381
1292 1298 0.327832
1293 1292 0.427181
1294 582 0.485972
1295 1285 0.442155
1296 1246 0.468849
1297 1247 0.370038
1298 2977 0.318335
1299 1481 0.399942
1300 1309 0.271437
1301 1304 0.289554
1302 1304 0.26577
1303 1910 0.524396
1304 1309 0.2643
1305 1335 0.335094
1306 1304 0.283488
1307 1304 0.30532
1308 1386 0.362857
1309 1304 0.2643
1310 1315 0.282426
1311 589 0.314993
1312 1315 0.267665
1313 1315 0.312532
1314 1387 0.310675
1315 1319 0.247244
1316 925 0.47527
1317 1315 0.294341
1318 1317 0.483593
1319 1315 0.247244
1320 1323 0.289744
1321 1329 0.310379
1322 1320 0.484596
1323 1320 0.289744
1324 1325 0.2856
1325 1324 0.2856
1326 1125 0.484484
1327 1324 0.401997
1328 1403 0.327438
1329 1406 0.283016
1330 1336 0.23477
1331 2064 0.502047
1332 1336 0.299615
1333 1330 0.293436
1334 948 0.247615
1335 1336 0.281153
1336 1330 0.23477
1337 1334 0.258862
1338 1339 0.497698
1339 1336 0.299967
1340 1345 0.25761
1341 1347 0.307787
1342 1484 0.539969
1343 1131 0.355989
1344 1349 0.408437
1345 1340 0.25761
1346 1053 0.400223
1347 1340 0.277137
1348 1315 0.317135
1349 1340 0.285157
1350 1312 0.532198
1351 1304 0.339838
1352 1353 0.342427
1353 1355 0.280965
1354 1359 0.410733
1355 1353 0.280965
1356 1355 0.315086
1357 1353 0.494345
1358 1359 0.431764
1359 1351 0.375167
1360 1536 0.30332
1361 1369 0.295459
1362 1369 0.341917
1363 1366 0.370416
1364 1369 0.433916
1365 1360 0.548868
1366 1363 0.370416
1367 1369 0.274417
1368 1360 0.388556
1369 1330 0.272254
1370 1379 0.256104
1371 1376 0.345471
1372 1717 0.385519
1373 1858 0.290631
1374 943 0.31017
1375 1376 0.270117
1376 1379 0.2513
1377 1376 0.498013
1378 1370 0.282015
1379 1376 0.2513
1380 1136 0.510985
1381 632 0.381487
1382 1387 0.238482
1383 1386 0.27952
1384 1387 0.447796
1385 1335 0.371369
1386 1382 0.253811
1387 1382 0.238482
1388 1310 0.30256
1389 1425 0.364765
1390 1398 0.271289
1391 2930 0.500706
1392 1356 0.485111
1393 1390 0.33283
1394 1398 0.286648
1395 1809 0.315976
1396 1398 0.486558
1397 925 0.372545
1398 1390 0.271289
1399 1390 0.286651
1400 1271 0.457198
1401 1429 0.268852
1402 1406 0.305764
1403 1407 0.283783
1404 1406 0.269976
1405 1406 0.244806
1406 1405 0.244806
1407 1405 0.265283
1408 1548 0.451976
1409 1401 0.417147
1410 1429 0.21417
1411 1417 0.327689
1412 1423 0.336285
1413 1418 0.218376
1414 3087 0.497875
1415 1410 0.286377
1416 1410 0.224256
1417 1410 0.287878
1418 1413 0.218376
1419 1743 0.499186
1420 1428 0.233101
1421 1420 0.268984
1422 1429 0.245589
1423 523 0.30798
1424 1436 0.374676
1425 1428 0.26625
1426 1428 0.26388
1427 1420 0.290176
1428 1429 0.206187
1429 1428 0.206187
1430 1435 0.309618
1431 1474 0.610997
1432 1436 0.24642
1433 1418 0.231642
1434 1433 0.250207
1435 1433 0.260376
1436 1432 0.24642
1437 1433 0.233744
1438 1432 0.250617
1439 1418 0.489952
1440 1441 0.34014
1441 1447 0.2646
1442 1441 0.30162
1443 966 0.321698
1444 1441 0.284285
1445 1775 0.493554
1446 4307 0.495561
1447 1441 0.2646
1448 1441 0.305794
1449 1366 0.382443
1450 1087 0.513786
1451 1452 0.268479
1452 1459 0.256416
1453 1451 0.310297
1454 723 0.477989
1455 1451 0.324309
1456 797 0.360206
1457 1452 0.287743
1458 1453 0.508271
1459 1452 0.256416
1460 1465 0.212079
1461 1684 0.522596
1462 1219 0.376475
1463 1465 0.266372
1464 1465 0.256045
1465 1460 0.212079
1466 1464 0.301706
1467 3409 0.442415
1468 1465 0.425638
1469 1464 0.289674
1470 1471 0.498105
1471 1891 0.245549
1472 1474 0.36952
1473 1474 0.365768
1474 1471 0.280075
1475 1853 0.386579
1476 1463 0.350511
1477 1153 0.365275
1478 1474 0.369412
1479 1471 0.312036
1480 1428 0.288621
1481 1480 0.299259
1482 1480 0.305609
1483 1459 0.292872
1484 1481 0.313771
1485 1482 0.508081
1486 1030 0.38693
1487 1480 0.320775
1488 1646 0.335726
1489 1482 0.565671
1490 1499 0.250961
1491 1499 0.243913
1492 1443 0.391839
1493 1497 0.248841
1494 1495 0.257922
1495 1497 0.240685
1496 1495 0.274088
1497 1495 0.240685
1498 1493 0.31119
1499 1491 0.243913
1500 1562 0.400181
1501 1508 0.342537
1502 3464 0.294198
1503 1523 0.362898
1504 1126 0.359999
1505 1509 0.520619
1506 1508 0.376529
1507 1502 0.325918
1508 1881 0.280959
1509 1508 0.300203
1510 1855 0.465691
1511 1513 0.290569
1512 1884 0.492067
1513 1511 0.290569
1514 1518 0.310406
1515 1519 0.343768
1516 1802 0.361575
1517 1519 0.265179
1518 1517 0.292312
1519 1517 0.265179
1520 3711 0.273518
1521 1523 0.305699
1522 1523 0.210927
1523 1522 0.210927
1524 1522 0.222149
1525 1523 0.373565
1526 1524 0.326621
1527 1844 0.44943
1528 1523 0.283358
1529 1522 0.233775
1530 1532 0.304708
1531 1104 0.303246
1532 1575 0.231596
1533 1532 0.334451
1534 1561 0.335538
1535 1563 0.38975
1536 1360 0.30332
1537 1532 0.326606
1538 1532 0.297643
1539 3294 0.363111
1540 1544 0.285845
1541 1544 0.28287
1542 425 0.370648
1543 1554 0.344153
1544 1548 0.250741
1545 3382 0.446527
1546 1583 0.339579
1547 1873 0.380887
1548 1544 0.250741
1549 1544 0.253672
1550 1576 0.371252
1551 1552 0.299425
1552 1554 0.285811
1553 1554 0.310587
1554 1558 0.243242
1555 1581 0.381182
1556 1554 0.47965
1557 1554 0.278732
1558 1554 0.243242
1559 1554 0.291137
1560 1561 0.338594
1561 759 0.27284
1562 1576 0.270173
1563 1569 0.290239
1564 1561 0.407435
1565 1561 0.310647
1566 1561 0.284665
1567 413 0.397306
1568 1869 0.312162
1569 1563 0.290239
1570 1576 0.270254
1571 1579 0.212151
1572 3475 0.457403
1573 1575 0.388472
1574 1579 0.449218
1575 1532 0.231596
1576 1579 0.22068
1577 1579 0.240005
1578 1577 0.312832
1579 1571 0.212151
1580 1585 0.264462
1581 1585 0.277846
1582 1584 0.269355
1583 1584 0.293154
1584 1582 0.269355
1585 1580 0.264462
1586 1958 0.419011
1587 1558 0.314543
1588 1582 0.306458
1589 1580 0.26598
1590 1978 0.282067
1591 1583 0.396786
1592 1539 0.528885
1593 1596 0.379477
1594 1598 0.336726
1595 1596 0.317402
1596 1597 0.312703
1597 1596 0.312703
1598 1595 0.329165
1599 1597 0.481207
1600 1606 0.295853
1601 1659 0.282566
1602 1621 0.384497
1603 1601 0.41386
1604 1606 0.254942
1605 1675 0.311854
1606 1604 0.254942
1607 1604 0.350634
1608 1601 0.314555
1609 1351 0.408989
1610 1712 0.3123
1611 1624 0.27921
1612 1809 0.467037
1613 1386 0.289779
1614 1345 0.281959
1615 1711 0.439311
1616 1614 0.367865
1617 1614 0.29597
1618 625 0.282404
1619 1681 0.325209
1620 1621 0.222301
1621 1620 0.222301
1622 4349 0.35127
1623 1625 0.311463
1624 1611 0.27921
1625 1710 0.276265
1626 1625 0.32579
1627 1621 0.321252
1628 1613 0.410699
1629 1623 0.332412
1630 4613 0.392645
1631 1634 0.358236
1632 1633 0.378364
1633 1632 0.378364
1634 1637 0.278948
1635 1637 0.40452
1636 1634 0.396836
1637 1634 0.278948
1638 1676 0.284203
1639 3557 0.453952
1640 1648 0.301351
1641 1046 0.500775
1642 1643 0.281717
1643 1642 0.281717
1644 1039 0.284139
1645 1619 0.545255
1646 1643 0.302787
1647 1642 0.328119
1648 1640 0.301351
1649 1670 0.371946
1650 1659 0.270565
1651 1659 0.471641
1652 1659 0.297098
1653 1652 0.427242
1654 3051 0.288235
1655 1005 0.406766
1656 1621 0.352546
1657 1659 0.296498
1658 1657 0.382436
1659 37 0.255024
1660 4575 0.321875
1661 1684 0.375957
1662 1669 0.342033
1663 1669 0.274596
1664 1681 0.446897
1665 112 0.392648
1666 1660 0.376367
1667 1663 0.412559
1668 1669 0.400358
1669 1663 0.274596
1670 1677 0.282615
1671 1677 0.232616
1672 1614 0.514646
1673 1677 0.226728
1674 1670 0.415858
1675 1679 0.240841
1676 1677 0.25999
1677 1673 0.226728
1678 1182 0.399333
1679 1675 0.240841
1680 3045 0.485788
1681 1689 0.217974
1682 1689 0.252456
1683 1481 0.379494
1684 37 0.293478
1685 1682 0.352159
1686 1689 0.366104
1687 1689 0.287239
1688 1681 0.3791
1689 1681 0.217974
1690 1691 0.382727
1691 1693 0.281926
1692 1693 0.247557
1693 1692 0.247557
1694 1001 0.350216
1695 1679 0.297816
1696 4219 0.504308
1697 3015 0.557726
1698 25 0.340725
1699 1691 0.334259
1700 1703 0.358213
1701 1725 0.303862
1702 1701 0.30861
1703 1704 0.28618
1704 1703 0.28618
1705 1766 0.436271
1706 1711 0.442722
1707 1702 0.312842
1708 1774 0.316094
1709 1301 0.374853
1710 1625 0.276265
1711 1717 0.254221
1712 1719 0.200419
1713 1520 0.379921
1714 1719 0.313474
1715 1719 0.26227
1716 1712 0.312174
1717 1711 0.254221
1718 1712 0.294459
1719 1712 0.200419
1720 1777 0.225706
1721 4047 0.480507
1722 1720 0.246548
1723 400 0.479969
1724 1720 0.275908
1725 1720 0.242422
1726 1727 0.527833
1727 1729 0.388061
1728 1463 0.403347
1729 1720 0.276402
1730 1853 0.236469
1731 1730 0.423159
1732 1730 0.250381
1733 1842 0.400692
1734 1730 0.261335
1735 1027 0.341523
1736 1126 0.42107
1737 1730 0.265564
1738 1025 0.342082
1739 1843 0.335536
1740 1747 0.357416
1741 1748 0.264388
1742 1747 0.235335
1743 1748 0.299206
1744 1045 0.352626
1745 1748 0.242379
1746 1169 0.303581
1747 1748 0.213279
1748 1747 0.213279
1749 1748 0.321642
1750 1387 0.362936
1751 1754 0.279026
1752 3250 0.340919
1753 1754 0.302554
1754 1773 0.226687
1755 1757 0.269534
1756 1754 0.285724
1757 1754 0.246985
1758 1740 0.537479
1759 1754 0.271564
1760 1761 0.300247
1761 1764 0.255186
1762 1558 0.271099
1763 1761 0.269543
1764 1761 0.255186
1765 1769 0.341661
1766 1774 0.291021
1767 1755 0.389381
1768 1761 0.259459
1769 1763 0.292875
1770 1783 0.37885
1771 1849 0.293172
1772 1773 0.294104
1773 1754 0.226687
1774 1773 0.255724
1775 1777 0.21029
1776 1775 0.321411
1777 1775 0.21029
1778 1777 0.284287
1779 1773 0.246608
1780 1787 0.261989
1781 1787 0.253303
1782 1999 0.398154
1783 1787 0.267653
1784 1781 0.282843
1785 1787 0.282223
1786 1734 0.297587
1787 1781 0.253303
1788 1816 0.297461
1789 1787 0.304623
1790 1796 0.264969
1791 1796 0.250743
1792 1199 0.423606
1793 1746 0.359194
1794 1195 0.327425
1795 1471 0.44403
1796 1791 0.250743
1797 1791 0.359374
1798 1796 0.331114
1799 1796 0.282531
1800 1803 0.223769
1801 1016 0.514734
1802 1803 0.314917
1803 1800 0.223769
1804 1803 0.253602
1805 1800 0.249043
1806 1809 0.290216
1807 1863 0.446532
1808 1516 0.530322
1809 1857 0.237753
1810 1814 0.197697
1811 1810 0.291649
1812 1816 0.326117
1813 1524 0.423537
1814 1810 0.197697
1815 1810 0.293323
1816 1810 0.237816
1817 1810 0.362102
1818 1815 0.313999
1819 1810 0.249907
1820 1822 0.485627
1821 1825 0.311263
1822 1827 0.226516
1823 1827 0.24614
1824 1862 0.277176
1825 1829 0.244348
1826 1420 0.487379
1827 1822 0.226516
1828 1824 0.369032
1829 1825 0.244348
1830 1834 0.273633
1831 1832 0.391262
1832 1836 0.213769
1833 1815 0.546874
1834 1836 0.235557
1835 1784 0.454306
1836 1832 0.213769
1837 1844 0.317834
1838 2862 0.520034
1839 1834 0.240797
1840 1849 0.343714
1841 1849 0.351566
1842 1844 0.263808
1843 1849 0.203914
1844 1843 0.22966
1845 1739 0.374352
1846 1849 0.2903
1847 1540 0.316855
1848 4024 0.46232
1849 1843 0.203914
1850 1853 0.367461
1851 1852 0.241893
1852 1853 0.212092
1853 1852 0.212092
1854 1852 0.304278
1855 1858 0.295265
1856 2797 0.478514
1857 1809 0.237753
1858 1857 0.261012
1859 1810 0.268108
1860 1863 0.250876
1861 1302 0.380177
1862 1869 0.231698
1863 1869 0.222664
1864 1862 0.265974
1865 1863 0.245866
1866 1864 0.27168
1867 1863 0.349476
1868 1863 0.233987
1869 1863 0.222664
1870 1873 0.338547
1871 1875 0.330782
1872 1873 0.245032
1873 1872 0.245032
1874 1875 0.311875
1875 1873 0.267838
1876 1873 0.316322
1877 1875 0.411567
1878 1875 0.316613
1879 1875 0.283524
1880 1977 0.302087
1881 1885 0.224357
1882 1885 0.25301
1883 4514 0.394923
1884 1882 0.34004
1885 1881 0.224357
1886 30 0.335573
1887 1881 0.27154
1888 429 0.329819
1889 1070 0.389268
1890 1804 0.430588
1891 1471 0.245549
1892 1894 0.266511
1893 1894 0.21272
1894 1893 0.21272
1895 1893 0.318234
1896 535 0.251368
1897 1777 0.386081
1898 1894 0.385879
1899 4753 0.455659
1900 1984 0.293026
1901 1902 0.287694
1902 1901 0.287694
1903 1908 0.382771
1904 1902 0.323147
1905 92 0.334177
1906 1900 0.309454
1907 1943 0.340183
1908 1900 0.301985
1909 99 0.467769
1910 1918 0.253109
1911 56 0.374443
1912 1918 0.263642
1913 452 0.364053
1914 1184 0.361116
1915 1312 0.319465
1916 50 0.327345
1917 1910 0.308188
1918 1910 0.253109
1919 2841 0.326851
1920 1955 0.431092
1921 1928 0.320893
1922 1929 0.418089
1923 1928 0.40364
1924 1536 0.492713
1925 1921 0.402458
1926 1928 0.368506
1927 1929 0.366202
1928 1929 0.234606
1929 1928 0.234606
1930 1174 0.303764
1931 1933 0.490197
1932 2356 0.41877
1933 1938 0.325106
1934 1930 0.570759
1935 1936 0.286519
1936 1938 0.268001
1937 48 0.416537
1938 1936 0.268001
1939 4862 0.358194
1940 1631 0.536663
1941 1915 0.396253
1942 51 0.35342
1943 46 0.259345
1944 1949 0.32046
1945 1983 0.404044
1946 1943 0.265248
1947 1949 0.376434
1948 1943 0.458909
1949 1943 0.259956
1950 1955 0.397395
1951 1999 0.437924
1952 3073 0.338289
1953 1955 0.249868
1954 1955 0.336535
1955 1953 0.249868
1956 1952 0.405607
1957 1977 0.358172
1958 1092 0.312989
1959 1580 0.329838
1960 1170 0.289842
1961 1967 0.368334
1962 84 0.280294
1963 1066 0.386695
1964 1960 0.472084
1965 1960 0.382825
1966 1062 0.377972
1967 1961 0.368334
1968 1695 0.485534
1969 1882 0.426839
1970 1977 0.252216
1971 1867 0.499141
1972 1970 0.49214
1973 1970 0.497519
1974 1929 0.345049
1975 1988 0.311992
1976 1960 0.541559
1977 1970 0.252216
1978 1590 0.282067
1979 1970 0.390791
1980 1984 0.344691
1981 2356 0.450977
1982 56 0.355419
1983 1063 0.275851
1984 1575 0.292944
1985 1965 0.386531
1986 1170 0.270404
1987 1943 0.279137
1988 1068 0.292885
1989 95 0.301481
1990 1997 0.344207
1991 1722 0.45917
1992 1997 0.288478
1993 1988 0.301456
1994 1998 0.280887
1995 1997 0.36366
1996 1993 0.325705
1997 1992 0.288478
1998 1994 0.280887
1999 1782 0.398154
2000 2006 0.334875
2001 2009 0.259317
2002 2001 0.280214
2003 4750 0.485579
2004 4999 0.389113
2005 2009 0.360738
2006 2095 0.304211
2007 1778 0.476443
2008 2371 0.308831
2009 2001 0.259317
2010 2015 0.303042
2011 2018 0.336729
2012 4981 0.318187
2013 2018 0.223968
2014 2015 0.354504
2015 2018 0.243024
2016 2015 0.285992
2017 1345 0.382916
2018 2013 0.223968
2019 2026 0.450905
2020 2028 0.277447
2021 2867 0.282233
2022 2073 0.289603
2023 2074 0.430939
2024 2028 0.277841
2025 2022 0.328823
2026 2031 0.269648
2027 981 0.336242
2028 2031 0.269563
2029 2021 0.291734
2030 4887 0.292251
2031 2036 0.22371
2032 2031 0.286517
2033 2036 0.290818
2034 2033 0.371657
2035 2026 0.32553
2036 2031 0.22371
2037 2790 0.326407
2038 2031 0.281703
2039 2181 0.434895
2040 2543 0.339849
2041 2043 0.314253
2042 2043 0.277358
2043 2075 0.273074
2044 2042 0.282516
2045 2079 0.279853
2046 2194 0.484779
2047 2049 0.290145
2048 2561 0.297207
2049 2047 0.290145
2050 2054 0.271172
2051 2055 0.452981
2052 2050 0.29355
2053 2059 0.463586
2054 2345 0.25171
2055 2375 0.296201
2056 2572 0.4403
2057 2375 0.398301
2058 2360 0.390413
2059 2054 0.402862
2060 2481 0.363307
2061 2067 0.246804
2062 2024 0.473665
2063 2061 0.360347
2064 2067 0.300487
2065 2067 0.388165
2066 2074 0.356189
2067 2061 0.246804
2068 2067 0.254373
2069 2024 0.474644
2070 2078 0.265587
2071 2307 0.431139
2072 2074 0.363936
2073 2022 0.289603
2074 2078 0.279244
2075 2070 0.270764
2076 2070 0.267499
2077 2098 0.304745
2078 2070 0.265587
2079 2045 0.279853
2080 2085 0.303196
2081 2846 0.562905
2082 2079 0.496429
2083 2085 0.305068
2084 2595 0.306566
2085 2086 0.290634
2086 2018 0.273567
2087 3475 0.426237
2088 2853 0.407272
2089 2068 0.45689
2090 2099 0.259155
2091 2092 0.37347
2092 2099 0.245933
2093 2098 0.30235
2094 2099 0.263795
2095 2098 0.299672
2096 2085 0.349064
2097 2472 0.325206
2098 2099 0.273795
2099 2092 0.245933
2100 2101 0.224341
2101 2100 0.224341
2102 2101 0.305067
2103 20 0.280562
2104 2101 0.318261
2105 2101 0.457344
2106 2101 0.264336
2107 2106 0.26899
2108 2104 0.346073
2109 2143 0.302756
2110 2268 0.655505
2111 2113 0.300011
2112 2119 0.281402
2113 2118 0.248752
2114 2113 0.251765
2115 2113 0.261662
2116 2115 0.331829
2117 2667 0.300996
2118 2113 0.248752
2119 2112 0.281402
2120 2128 0.231008
2121 2120 0.231681
2122 2121 0.235667
2123 2121 0.299023
2124 2128 0.310765
2125 2121 0.479587
2126 2129 0.515709
2127 2122 0.593737
2128 2120 0.231008
2129 2121 0.292385
2130 2137 0.236691
2131 2135 0.309739
2132 2135 0.31532
2133 3677 0.286977
2134 2130 0.267283
2135 2137 0.282799
2136 2130 0.458074
2137 2130 0.236691
2138 2130 0.283851
2139 2130 0.347442
2140 2752 0.417522
2141 2143 0.283006
2142 2143 0.250384
2143 2142 0.250384
2144 2135 0.314428
2145 2142 0.274077
2146 2143 0.315368
2147 2123 0.523519
2148 2149 0.369623
2149 2143 0.259146
2150 2153 0.271567
2151 2157 0.270794
2152 2153 0.251666
2153 2152 0.251666
2154 3732 0.292171
2155 2153 0.293804
2156 2152 0.258556
2157 2151 0.270794
2158 2153 0.301089
2159 2153 0.372421
2160 2164 0.224488
2161 2816 0.408461
2162 2164 0.29659
2163 2162 0.370224
2164 2160 0.224488
2165 2160 0.274768
2166 2938 0.348916
2167 705 0.420041
2168 2164 0.257334
2169 2737 0.324996
2170 2174 0.223556
2171 2176 0.332373
2172 2170 0.245076
2173 2176 0.465205
2174 2170 0.223556
2175 2176 0.295568
2176 2874 0.239163
2177 2170 0.48398
2178 2176 0.248285
2179 4618 0.350033
2180 2667 0.273283
2181 2184 0.247572
2182 2183 0.280783
2183 2184 0.249085
2184 2122 0.241999
2185 2189 0.287044
2186 2188 0.430431
2187 2184 0.308263
2188 2189 0.291329
2189 2184 0.271413
2190 2193 0.251081
2191 2174 0.248777
2192 2191 0.294337
2193 2190 0.251081
2194 2196 0.268565
2195 2191 0.263954
2196 2194 0.268565
2197 2191 0.269432
2198 2191 0.263208
2199 2196 0.320491
2200 2202 0.290267
2201 2203 0.278354
2202 2207 0.245581
2203 2201 0.278354
2204 2202 0.29595
2205 2202 0.357119
2206 2207 0.371517
2207 2202 0.245581
2208 2555 0.390938
2209 2202 0.294544
2210 2214 0.260938
2211 2210 0.282156
2212 2214 0.252568
2213 2210 0.307811
2214 2218 0.214479
2215 2214 0.35362
2216 2278 0.374156
2217 2214 0.259961
2218 2214 0.214479
2219 2218 0.297744
2220 2217 0.318197
2221 2223 0.238919
2222 2637 0.491268
2223 2221 0.238919
2224 2221 0.260908
2225 2223 0.340677
2226 2221 0.288256
2227 2228 0.26619
2228 2212 0.253726
2229 2227 0.450207
2230 2408 0.301467
2231 2235 0.269425
2232 2868 0.527833
